ID z_fink ra dec
z4_GND_8396 4.510000228881836 189.245087 62.286224
z4_GND_40898 4.510000228881836 189.191788 62.181374
z4_GND_6109 4.510000228881836 189.202072 62.318241
z4_GND_3119 4.510000228881836 189.289017 62.174297
z4_GND_30316 4.510000228881836 189.423584 62.217903
z4_GND_30702 4.510000228881836 189.168396 62.216724
z4_GND_43184 4.510000228881836 189.155746 62.298054
z4_GND_3244 4.510000228881836 189.225479 62.175087
z4_GND_2511 4.519999980926514 189.314178 62.170067
z4_GND_44923 4.53000020980835 189.163116 62.280579
z4_GND_21109 4.53000020980835 189.293671 62.245102
z4_GND_222 4.539999961853027 189.270920 62.144314
z4_GND_15876 4.539999961853027 189.155075 62.258999
z4_GND_12896 4.539999961853027 189.080673 62.267456
z4_GND_5037 4.539999961853027 189.209793 62.326908
z4_GND_8945 4.539999961853027 189.090302 62.282791
z4_GND_30480 4.550000190734863 189.260773 62.217323
z4_GND_1832 4.550000190734863 189.313934 62.164726
z4_GND_1055 4.550000190734863 189.286255 62.156479
z4_GND_12956 4.550000190734863 189.274246 62.267323
z4_GND_22824 4.559999942779541 189.167511 62.239498
z4_GND_35902 4.559999942779541 189.312500 62.200302
z4_GND_21304 4.559999942779541 189.301468 62.243744
z4_GND_38566 4.559999942779541 189.183167 62.190731
z4_GND_11971 4.570000171661377 189.057312 62.270054
z4_GND_19046 4.570000171661377 189.256866 62.250210
z4_GND_44591 4.570000171661377 189.078888 62.285324
z4_GND_37786 4.570000171661377 189.356155 62.193451
z4_GND_36038 4.570000171661377 189.285660 62.199734
z4_GND_12156 4.570000171661377 189.272690 62.269634
z4_GND_36078 4.579999923706055 189.173645 62.199574
z4_GND_38464 4.579999923706055 189.297302 62.190754
z4_GND_10603 4.590000152587891 189.154083 62.274948
z4_GND_20104 4.590000152587891 189.097046 62.246967
z4_GND_28154 4.599999904632568 189.282455 62.224598
z4_GND_3952 4.619999885559082 189.215088 62.178890
z4_GND_6903 4.630000114440918 189.147339 62.312916
z4_GND_17017 4.639999866485596 189.302002 62.255863
z4_GND_39954 4.639999866485596 189.268326 62.185257
z4_GND_19979 4.639999866485596 189.284134 62.247604
z4_GND_34589 4.670000076293945 189.199158 62.203831
z4_GND_18340 4.670000076293945 189.283417 62.252323
z4_GND_9863 4.690000057220459 189.120255 62.277969
z4_GND_35883 4.769999980926514 189.152328 62.199200
z4_GNW_4937 4.510000228881836 189.091064 62.137291
z4_GNW_23448 4.510000228881836 189.433731 62.301777
z4_GNW_8838 4.519999980926514 189.063065 62.159645
z4_GNW_29236 4.519999980926514 189.348236 62.343998
z4_GNW_19856 4.53000020980835 189.273132 62.325275
z4_GNW_30197 4.53000020980835 189.291809 62.346630
z4_GNW_614 4.53000020980835 189.143921 62.103600
z4_GNW_1260 4.53000020980835 189.162781 62.109459
z4_GNW_18707 4.53000020980835 189.304932 62.363049
z4_GNW_21441 4.539999961853027 189.290375 62.314720
z4_GNW_31623 4.550000190734863 189.455124 62.248905
z4_GNW_7588 4.550000190734863 189.210251 62.151638
z4_GNW_23499 4.550000190734863 189.405533 62.301571
z4_GNW_906 4.550000190734863 189.134430 62.106403
z4_GNW_7275 4.550000190734863 189.114075 62.150074
z4_GNW_7785 4.579999923706055 189.182251 62.152828
z4_GNW_10480 4.590000152587891 189.117783 62.169529
z4_GNW_9988 4.590000152587891 189.173340 62.166584
z4_GNW_10966 4.599999904632568 189.028076 62.173290
z4_GNW_786 4.610000133514404 189.112808 62.105259
z4_GNW_2794 4.650000095367432 189.091263 62.121166
z4_GNW_1000 4.679999828338623 189.143768 62.107292
z5_GND_15885 4.510000228881836 189.077957 62.258888
z5_GND_24332 4.510000228881836 189.235840 62.235325
z5_GND_44370 4.510000228881836 189.232666 62.288570
z5_GND_16023 4.510000228881836 189.086334 62.258488
z5_GND_19061 4.519999980926514 189.279816 62.250240
z5_GND_36639 4.519999980926514 189.186142 62.197327
z5_GND_9309 4.519999980926514 189.081497 62.280708
z5_GND_29131 4.519999980926514 189.117249 62.221432
z5_GND_32041 4.53000020980835 189.392960 62.210503
z5_GND_14373 4.53000020980835 189.326096 62.263069
z5_GND_41493 4.53000020980835 189.236221 62.311150
z5_GND_14210 4.53000020980835 189.220612 62.263672
z5_GND_6497 4.53000020980835 189.148834 62.315426
z5_GND_5510 4.53000020980835 189.167618 62.322803
z5_GND_33782 4.53000020980835 189.352127 62.207169
z5_GND_17494 4.53000020980835 189.169357 62.254318
z5_GND_22192 4.53000020980835 189.265182 62.239319
z5_GND_12525 4.53000020980835 189.290817 62.268642
z5_GND_43135 4.53000020980835 189.141937 62.300697
z5_GND_3750 4.539999961853027 189.331467 62.177814
z5_GND_18828 4.550000190734863 189.260635 62.250889
z5_GND_36134 4.550000190734863 189.345978 62.199345
z5_GND_1228 4.550000190734863 189.236237 62.158474
z5_GND_18834 4.559999942779541 189.262405 62.250854
z5_GND_41057 4.559999942779541 189.206268 62.180645
z5_GND_28145 4.559999942779541 189.192261 62.224609
z5_GND_26790 4.559999942779541 189.312881 62.228470
z5_GND_19701 4.559999942779541 189.055252 62.248314
z5_GND_646 4.559999942779541 189.290665 62.151257
z5_GND_556 4.559999942779541 189.257019 62.149940
z5_GND_3097 4.559999942779541 189.291275 62.174179
z5_GND_25723 4.559999942779541 189.227905 62.231358
z5_GND_6579 4.559999942779541 189.203873 62.314930
z5_GND_2468 4.559999942779541 189.287811 62.169777
z5_GND_41396 4.559999942779541 189.223007 62.304337
z5_GND_24466 4.570000171661377 189.113388 62.234844
z5_GND_19072 4.570000171661377 189.263000 62.250126
z5_GND_36137 4.570000171661377 189.265701 62.199287
z5_GND_9242 4.570000171661377 189.308426 62.280998
z5_GND_17375 4.579999923706055 189.203796 62.254868
z5_GND_31947 4.579999923706055 189.201492 62.212761
z5_GND_39786 4.579999923706055 189.305008 62.185802
z5_GND_26204 4.579999923706055 189.303665 62.230110
z5_GND_8616 4.579999923706055 189.275406 62.284695
z5_GND_39642 4.590000152587891 189.191498 62.186436
z5_GND_27611 4.590000152587891 189.354568 62.226093
z5_GND_22519 4.590000152587891 189.284088 62.238827
z5_GND_19291 4.590000152587891 189.237289 62.249596
z5_GND_37566 4.590000152587891 189.269775 62.194202
z5_GND_24757 4.590000152587891 189.115341 62.234097
z5_GND_708 4.590000152587891 189.276779 62.152100
z5_GND_44919 4.590000152587891 189.272827 62.281124
z5_GND_8693 4.590000152587891 189.108887 62.284214
z5_GND_38041 4.590000152587891 189.299210 62.192570
z5_GND_23424 4.599999904632568 189.188126 62.237846
z5_GND_40042 4.599999904632568 189.345490 62.184910
z5_GND_14190 4.599999904632568 189.316818 62.263725
z5_GND_18612 4.599999904632568 189.267868 62.251423
z5_GND_37340 4.599999904632568 189.385925 62.194981
z5_GND_43117 4.599999904632568 189.121613 62.300694
z5_GND_32897 4.599999904632568 189.313965 62.210091
z5_GND_25463 4.599999904632568 189.366638 62.232174
z5_GND_14099 4.599999904632568 189.158569 62.263954
z5_GND_13742 4.599999904632568 189.342209 62.264954
z5_GND_37361 4.599999904632568 189.383972 62.194885
z5_GND_36745 4.610000133514404 189.223099 62.197212
z5_GND_3189 4.610000133514404 189.328201 62.174706
z5_GND_42531 4.610000133514404 189.204422 62.305042
z5_GND_29149 4.610000133514404 189.418411 62.221279
z5_GND_9875 4.610000133514404 189.252075 62.277954
z5_GND_21629 4.610000133514404 189.372238 62.242275
z5_GND_28640 4.619999885559082 189.303635 62.223019
z5_GND_15704 4.619999885559082 189.158630 62.259457
z5_GND_5614 4.619999885559082 189.160507 62.322067
z5_GND_2460 4.619999885559082 189.265930 62.169712
z5_GND_24150 4.619999885559082 189.194733 62.234158
z5_GND_25233 4.619999885559082 189.146118 62.232838
z5_GND_18423 4.619999885559082 189.227463 62.251453
z5_GND_16758 4.619999885559082 189.176086 62.256329
z5_GND_34536 4.619999885559082 189.339478 62.204887
z5_GND_2784 4.630000114440918 189.253387 62.171928
z5_GND_37425 4.630000114440918 189.310242 62.194630
z5_GND_25253 4.630000114440918 189.335327 62.232723
z5_GND_23165 4.630000114440918 189.242035 62.238514
z5_GND_22011 4.630000114440918 189.062363 62.241806
z5_GND_23725 4.630000114440918 189.336594 62.236912
z5_GND_6142 4.630000114440918 189.158569 62.318081
z5_GND_39820 4.630000114440918 189.276779 62.185776
z5_GND_5767 4.630000114440918 189.212250 62.320900
z5_GND_41933 4.630000114440918 189.218231 62.309032
z5_GND_2219 4.630000114440918 189.331207 62.167931
z5_GND_17530 4.630000114440918 189.165771 62.254208
z5_GND_16191 4.630000114440918 189.069595 62.258060
z5_GND_1392 4.639999866485596 189.303406 62.160259
z5_GND_7231 4.639999866485596 189.141800 62.297096
z5_GND_34024 4.639999866485596 189.132889 62.206432
z5_GND_26756 4.639999866485596 189.119308 62.228588
z5_GND_38212 4.639999866485596 189.273590 62.192028
z5_GND_35894 4.639999866485596 189.167206 62.200340
z5_GND_18670 4.639999866485596 189.219055 62.251297
z5_GND_2616 4.639999866485596 189.277863 62.170856
z5_GND_23671 4.639999866485596 189.393036 62.237000
z5_GND_3852 4.639999866485596 189.206268 62.178337
z5_GND_8629 4.639999866485596 189.238281 62.284611
z5_GND_12309 4.639999866485596 189.272202 62.269360
z5_GND_14366 4.650000095367432 189.337204 62.263130
z5_GND_30077 4.650000095367432 189.279831 62.218704
z5_GND_22553 4.650000095367432 189.169418 62.240383
z5_GND_30366 4.650000095367432 189.430481 62.217716
z5_GND_38016 4.650000095367432 189.326096 62.192520
z5_GND_2226 4.659999847412109 189.325256 62.167912
z5_GND_19790 4.659999847412109 189.222733 62.248093
z5_GND_1364 4.659999847412109 189.296829 62.160011
z5_GND_10842 4.659999847412109 189.229065 62.274261
z5_GND_42770 4.659999847412109 189.147095 62.304214
z5_GND_36376 4.659999847412109 189.324326 62.198391
z5_GND_21794 4.659999847412109 189.139618 62.241444
z5_GND_26177 4.659999847412109 189.147827 62.230450
z5_GND_21566 4.659999847412109 189.283859 62.243031
z5_GND_17923 4.659999847412109 189.081924 62.253254
z5_GND_19140 4.670000076293945 189.317719 62.249874
z5_GND_34223 4.670000076293945 189.140854 62.205963
z5_GND_41671 4.670000076293945 189.191467 62.310493
z5_GND_1412 4.670000076293945 189.282623 62.160500
z5_GND_23422 4.670000076293945 189.118423 62.237839
z5_GND_45104 4.670000076293945 189.153244 62.277130
z5_GND_6311 4.670000076293945 189.146896 62.316666
z5_GND_34207 4.670000076293945 189.212158 62.206036
z5_GND_23731 4.679999828338623 189.305710 62.236950
z5_GND_19743 4.679999828338623 189.213486 62.248077
z5_GND_1946 4.679999828338623 189.293930 62.165588
z5_GND_15827 4.679999828338623 189.085892 62.259041
z5_GND_43974 4.679999828338623 189.114304 62.292992
z5_GND_20690 4.679999828338623 189.112305 62.245541
z5_GND_13333 4.679999828338623 189.337494 62.266018
z5_GND_30103 4.679999828338623 189.378387 62.218506
z5_GND_16757 4.690000057220459 189.175995 62.256420
z5_GND_9323 4.690000057220459 189.239700 62.280739
z5_GND_37639 4.690000057220459 189.219482 62.193893
z5_GND_9566 4.690000057220459 189.199280 62.279469
z5_GND_2387 4.690000057220459 189.303986 62.169209
z5_GND_26508 4.699999809265137 189.407501 62.229317
z5_GND_35564 4.699999809265137 189.171921 62.201389
z5_GND_33407 4.699999809265137 189.412903 62.208160
z5_GND_38764 4.699999809265137 189.266357 62.190006
z5_GND_27180 4.699999809265137 189.113739 62.227261
z5_GND_12622 4.699999809265137 189.290070 62.268406
z5_GND_16072 4.699999809265137 189.141800 62.258396
z5_GND_40238 4.710000038146973 189.271683 62.184113
z5_GND_13818 4.710000038146973 189.298050 62.264790
z5_GND_19107 4.710000038146973 189.213837 62.249859
z5_GND_1119 4.710000038146973 189.282242 62.157372
z5_GND_22782 4.710000038146973 189.399384 62.239311
z5_GND_35373 4.710000038146973 189.328186 62.202179
z5_GND_39969 4.710000038146973 189.326752 62.185165
z5_GND_19449 4.710000038146973 189.072815 62.248985
z5_GND_33165 4.710000038146973 189.163284 62.209141
z5_GND_36623 4.710000038146973 189.356293 62.197601
z5_GND_341 4.71999979019165 189.264572 62.146229
z5_GND_17343 4.71999979019165 189.091400 62.254662
z5_GND_40325 4.71999979019165 189.309937 62.183781
z5_GND_39270 4.71999979019165 189.236847 62.187893
z5_GND_36683 4.71999979019165 189.231812 62.197323
z5_GND_6498 4.730000019073486 189.148712 62.315331
z5_GND_12079 4.730000019073486 189.193878 62.269978
z5_GND_44610 4.730000019073486 189.079727 62.284546
z5_GND_35375 4.730000019073486 189.173462 62.201275
z5_GND_42809 4.730000019073486 189.176605 62.303047
z5_GND_8356 4.730000019073486 189.282806 62.289062
z5_GND_29902 4.730000019073486 189.161087 62.219013
z5_GND_19108 4.730000019073486 189.213379 62.249863
z5_GND_1416 4.739999771118164 189.251160 62.160568
z5_GND_28470 4.739999771118164 189.253540 62.222290
z5_GND_16713 4.739999771118164 189.107391 62.256680
z5_GND_39258 4.739999771118164 189.165283 62.187958
z5_GND_34640 4.739999771118164 189.282944 62.204735
z5_GND_7143 4.739999771118164 189.211639 62.299255
z5_GND_27460 4.739999771118164 189.317551 62.226521
z5_GND_12253 4.739999771118164 189.294418 62.269447
z5_GND_16616 4.739999771118164 189.241150 62.256916
z5_GND_25654 4.739999771118164 189.360703 62.231659
z5_GND_9217 4.739999771118164 189.252426 62.281559
z5_GND_12407 4.739999771118164 189.087997 62.268730
z5_GND_17512 4.739999771118164 189.288284 62.254414
z5_GND_13365 4.739999771118164 189.273010 62.267033
z5_GND_31209 4.739999771118164 189.315948 62.214970
z5_GND_42807 4.739999771118164 189.193390 62.303253
z5_GND_18913 4.739999771118164 189.102844 62.250042
z5_GND_31466 4.75 189.285660 62.214199
z5_GND_31141 4.75 189.151016 62.215302
z5_GND_18365 4.75 189.063995 62.252014
z5_GND_29477 4.75 189.235458 62.220440
z5_GND_10070 4.75 189.239334 62.277180
z5_GND_717 4.75 189.288315 62.152283
z5_GND_14774 4.760000228881836 189.130936 62.261997
z5_GND_40564 4.760000228881836 189.220428 62.182850
z5_GND_19657 4.760000228881836 189.087723 62.248466
z5_GND_7140 4.760000228881836 189.253616 62.299522
z5_GND_9831 4.760000228881836 189.282272 62.278061
z5_GND_44227 4.760000228881836 189.186630 62.292690
z5_GND_15576 4.760000228881836 189.166534 62.259811
z5_GND_28387 4.760000228881836 189.403717 62.223782
z5_GND_21104 4.769999980926514 189.259552 62.244362
z5_GND_40833 4.769999980926514 189.300323 62.181671
z5_GND_17733 4.769999980926514 189.027557 62.253731
z5_GND_37216 4.769999980926514 189.205688 62.195507
z5_GND_44825 4.769999980926514 189.124741 62.282227
z5_GND_25196 4.769999980926514 189.293671 62.232914
z5_GND_21075 4.78000020980835 189.170349 62.244469
z5_GND_13561 4.78000020980835 189.096008 62.265411
z5_GND_3690 4.78000020980835 189.319977 62.177536
z5_GND_38300 4.78000020980835 189.331604 62.191765
z5_GND_44678 4.789999961853027 189.178955 62.284531
z5_GND_18986 4.789999961853027 189.163940 62.250443
z5_GND_12364 4.789999961853027 189.120682 62.272362
z5_GND_26845 4.789999961853027 189.408051 62.228294
z5_GND_37152 4.789999961853027 189.270630 62.195759
z5_GND_10498 4.789999961853027 189.233170 62.277477
z5_GND_32587 4.789999961853027 189.305099 62.210922
z5_GND_38624 4.789999961853027 189.203720 62.190498
z5_GND_20965 4.789999961853027 189.126389 62.245018
z5_GND_6378 4.789999961853027 189.223816 62.316307
z5_GND_9324 4.800000190734863 189.239517 62.280682
z5_GND_6235 4.800000190734863 189.208588 62.317364
z5_GND_43955 4.809999942779541 189.108261 62.293182
z5_GND_19419 4.809999942779541 189.362015 62.249187
z5_GND_27439 4.809999942779541 189.108170 62.226555
z5_GND_2519 4.809999942779541 189.249573 62.170185
z5_GND_17225 4.820000171661377 189.310059 62.255253
z5_GND_33516 4.820000171661377 189.167419 62.208004
z5_GND_5245 4.820000171661377 189.198456 62.331291
z5_GND_17179 4.820000171661377 189.022217 62.255302
z5_GND_42675 4.820000171661377 189.233521 62.303516
z5_GND_3487 4.820000171661377 189.266190 62.176483
z5_GND_8168 4.820000171661377 189.179306 62.292526
z5_GND_41204 4.820000171661377 189.183868 62.179928
z5_GND_31943 4.820000171661377 189.139999 62.212753
z5_GND_34591 4.820000171661377 189.199417 62.203632
z5_GND_25650 4.820000171661377 189.167984 62.231682
z5_GND_35940 4.829999923706055 189.333420 62.200180
z5_GND_14395 4.829999923706055 189.036942 62.262966
z5_GND_39643 4.829999923706055 189.191116 62.186375
z5_GND_22255 4.829999923706055 189.149292 62.241119
z5_GND_22692 4.829999923706055 189.363861 62.239918
z5_GND_36542 4.829999923706055 189.299484 62.197933
z5_GND_45017 4.829999923706055 189.094818 62.278988
z5_GND_10649 4.829999923706055 189.287918 62.274872
z5_GND_39122 4.840000152587891 189.336380 62.188438
z5_GND_41132 4.840000152587891 189.302795 62.180229
z5_GND_43611 4.840000152587891 189.115631 62.296589
z5_GND_12517 4.840000152587891 189.197098 62.268723
z5_GND_16120 4.840000152587891 189.043884 62.258209
z5_GND_9643 4.840000152587891 189.128677 62.279110
z5_GND_8353 4.849999904632568 189.145340 62.286572
z5_GND_9723 4.849999904632568 189.214401 62.278381
z5_GND_19741 4.849999904632568 189.213715 62.248299
z5_GND_35009 4.849999904632568 189.236801 62.203537
z5_GND_8369 4.849999904632568 189.172745 62.286407
z5_GND_21893 4.849999904632568 189.129974 62.242004
z5_GND_12665 4.849999904632568 189.329163 62.267410
z5_GND_9311 4.849999904632568 189.242249 62.280804
z5_GND_31173 4.849999904632568 189.379272 62.215046
z5_GND_20336 4.849999904632568 189.286423 62.246559
z5_GND_10467 4.849999904632568 189.125580 62.275673
z5_GND_7527 4.860000133514404 189.144531 62.294102
z5_GND_24359 4.860000133514404 189.165253 62.235218
z5_GND_12390 4.860000133514404 189.060104 62.268997
z5_GND_23708 4.860000133514404 189.362427 62.238552
z5_GND_16688 4.860000133514404 189.244064 62.256607
z5_GND_25721 4.869999885559082 189.228531 62.231274
z5_GND_36839 4.869999885559082 189.305664 62.196739
z5_GND_19277 4.869999885559082 189.154327 62.249668
z5_GND_38091 4.869999885559082 189.169846 62.192421
z5_GND_18934 4.869999885559082 189.353104 62.250488
z5_GND_25114 4.869999885559082 189.182861 62.231747
z5_GND_27857 4.880000114440918 189.255875 62.225147
z5_GND_11157 4.880000114440918 189.326645 62.273029
z5_GND_33184 4.880000114440918 189.151794 62.209122
z5_GND_4789 4.880000114440918 189.199799 62.328243
z5_GND_32291 4.880000114440918 189.399704 62.211735
z5_GND_28362 4.880000114440918 189.357269 62.223927
z5_GND_18184 4.880000114440918 189.198868 62.252541
z5_GND_9906 4.889999866485596 189.175003 62.277740
z5_GND_13977 4.889999866485596 189.153305 62.264286
z5_GND_40388 4.889999866485596 189.223312 62.183548
z5_GND_39725 4.889999866485596 189.192978 62.185997
z5_GND_26849 4.889999866485596 189.301620 62.228371
z5_GND_17937 4.889999866485596 189.071426 62.253258
z5_GND_7181 4.889999866485596 189.136673 62.298615
z5_GND_23639 4.889999866485596 189.379272 62.236931
z5_GND_29508 4.889999866485596 189.272583 62.220348
z5_GND_34994 4.889999866485596 189.384995 62.203491
z5_GND_13277 4.889999866485596 189.077927 62.266319
z5_GND_4005 4.900000095367432 189.192215 62.179111
z5_GND_18033 4.900000095367432 189.169907 62.252941
z5_GND_37018 4.900000095367432 189.184082 62.196045
z5_GND_17089 4.900000095367432 189.098160 62.255547
z5_GND_1059 4.900000095367432 189.291183 62.156536
z5_GND_17942 4.900000095367432 189.179047 62.253288
z5_GND_19603 4.900000095367432 189.124069 62.248672
z5_GND_43916 4.900000095367432 189.162140 62.293552
z5_GND_35817 4.900000095367432 189.189377 62.200645
z5_GND_19058 4.900000095367432 189.106262 62.250214
z5_GND_8436 4.909999847412109 189.268860 62.288921
z5_GND_36079 4.909999847412109 189.265076 62.199608
z5_GND_1553 4.909999847412109 189.290634 62.162022
z5_GND_21251 4.909999847412109 189.249771 62.243908
z5_GND_19511 4.920000076293945 189.364700 62.248932
z5_GND_29670 4.920000076293945 189.102997 62.219788
z5_GND_18470 4.920000076293945 189.215027 62.251865
z5_GND_37242 4.920000076293945 189.366287 62.195343
z5_GND_44863 4.920000076293945 189.077759 62.281712
z5_GND_2104 4.929999828338623 189.329788 62.166847
z5_GND_7208 4.929999828338623 189.257812 62.298256
z5_GND_44643 4.929999828338623 189.104156 62.284771
z5_GND_38863 4.929999828338623 189.217300 62.189625
z5_GND_39038 4.929999828338623 189.313324 62.188858
z5_GND_4028 4.929999828338623 189.207428 62.179173
z5_GND_29624 4.929999828338623 189.186676 62.220036
z5_GND_14513 4.929999828338623 189.046707 62.262703
z5_GND_34857 4.929999828338623 189.375336 62.203972
z5_GND_44730 4.940000057220459 189.168579 62.283554
z5_GND_3426 4.940000057220459 189.237671 62.176125
z5_GND_33796 4.949999809265137 189.125656 62.207108
z5_GND_2492 4.949999809265137 189.244156 62.169945
z5_GND_37317 4.949999809265137 189.163849 62.195103
z5_GND_21046 4.949999809265137 189.301788 62.244297
z5_GND_12588 4.960000038146973 189.114410 62.267040
z5_GND_1230 4.960000038146973 189.304398 62.159924
z5_GND_2290 4.960000038146973 189.302612 62.168526
z5_GND_10401 4.960000038146973 189.168350 62.275967
z5_GND_25873 4.960000038146973 189.203171 62.231480
z5_GND_36193 4.960000038146973 189.293091 62.198917
z5_GND_14244 4.960000038146973 189.230774 62.263550
z5_GND_28322 4.960000038146973 189.366837 62.224064
z5_GND_10409 4.960000038146973 189.307190 62.275902
z5_GND_31454 4.96999979019165 189.276123 62.214191
z5_GND_34647 4.96999979019165 189.203888 62.204655
z5_GND_25722 4.96999979019165 189.227524 62.231480
z5_GND_16640 4.980000019073486 189.161484 62.256927
z5_GND_5349 4.980000019073486 189.188446 62.323536
z5_GND_24750 4.980000019073486 189.377213 62.234093
z5_GND_45292 4.980000019073486 189.072083 62.273415
z5_GND_30840 4.980000019073486 189.260727 62.216282
z5_GND_11281 4.980000019073486 189.126007 62.272179
z5_GND_21521 4.980000019073486 189.143631 62.243397
z5_GND_33661 4.980000019073486 189.175598 62.207561
z5_GND_31623 4.980000019073486 189.238708 62.213722
z5_GND_28488 4.980000019073486 189.297485 62.223568
z5_GND_41362 4.980000019073486 189.145386 62.301819
z5_GND_24253 4.980000019073486 189.388504 62.235394
z5_GND_26723 4.989999771118164 189.094040 62.228657
z5_GND_21874 4.989999771118164 189.124023 62.242104
z5_GND_19012 4.989999771118164 189.272415 62.250362
z5_GND_43732 4.989999771118164 189.101852 62.294624
z5_GND_7319 4.989999771118164 189.115646 62.296425
z5_GND_35937 4.989999771118164 189.200012 62.200207
z5_GND_12873 5.0 189.315430 62.267498
z5_GND_11049 5.0 189.270935 62.273361
z5_GND_38276 5.0 189.350082 62.191860
z5_GND_13196 5.0 189.267838 62.266457
z5_GND_15230 5.010000228881836 189.205124 62.260712
z5_GND_17957 5.010000228881836 189.222137 62.252174
z5_GND_33733 5.010000228881836 189.209686 62.207264
z5_GND_32711 5.010000228881836 189.121506 62.210651
z5_GND_37907 5.010000228881836 189.308319 62.193066
z5_GND_33149 5.010000228881836 189.306946 62.209198
z5_GND_15197 5.010000228881836 189.230591 62.260929
z5_GND_15804 5.010000228881836 189.231232 62.259109
z5_GND_27122 5.019999980926514 189.363174 62.227425
z5_GND_37024 5.019999980926514 189.184677 62.195786
z5_GND_39309 5.019999980926514 189.238617 62.187653
z5_GND_44605 5.019999980926514 189.142517 62.285698
z5_GND_14542 5.03000020980835 189.256897 62.262691
z5_GND_39445 5.03000020980835 189.178650 62.187237
z5_GND_44604 5.03000020980835 189.263397 62.285717
z5_GND_25784 5.03000020980835 189.340775 62.231525
z5_GND_16830 5.03000020980835 189.276962 62.256344
z5_GND_42555 5.03000020980835 189.218704 62.304913
z5_GND_681 5.03000020980835 189.251282 62.152828
z5_GND_24504 5.03000020980835 189.269714 62.234455
z5_GND_31370 5.03000020980835 189.275467 62.214161
z5_GND_11789 5.039999961853027 189.243515 62.270794
z5_GND_14761 5.039999961853027 189.100067 62.262043
z5_GND_1447 5.039999961853027 189.252533 62.160896
z5_GND_45273 5.039999961853027 189.077911 62.273827
z5_GND_22341 5.039999961853027 189.295456 62.240883
z5_GND_7604 5.050000190734863 189.220032 62.293377
z5_GND_6494 5.050000190734863 189.187515 62.315445
z5_GND_27586 5.050000190734863 189.402756 62.226158
z5_GND_35764 5.050000190734863 189.184753 62.200901
z5_GND_1966 5.050000190734863 189.229691 62.165714
z5_GND_35652 5.050000190734863 189.168869 62.201168
z5_GND_18192 5.050000190734863 189.129944 62.252510
z5_GND_1936 5.050000190734863 189.289505 62.165680
z5_GND_2797 5.059999942779541 189.206085 62.172009
z5_GND_4732 5.059999942779541 189.179245 62.329845
z5_GND_858 5.059999942779541 189.296616 62.154476
z5_GND_19458 5.059999942779541 189.263565 62.249146
z5_GND_10768 5.070000171661377 189.172516 62.274570
z5_GND_1587 5.070000171661377 189.257141 62.162376
z5_GND_22630 5.070000171661377 189.175278 62.240158
z5_GND_40858 5.070000171661377 189.202209 62.181614
z5_GND_40581 5.070000171661377 189.179810 62.182751
z5_GND_28046 5.070000171661377 189.277939 62.224922
z5_GND_36876 5.070000171661377 189.320007 62.196701
z5_GND_39799 5.070000171661377 189.299850 62.185833
z5_GND_39798 5.070000171661377 189.299591 62.185871
z5_GND_39609 5.070000171661377 189.210846 62.186630
z5_GND_3052 5.079999923706055 189.288742 62.173836
z5_GND_26652 5.079999923706055 189.127609 62.228935
z5_GND_15601 5.090000152587891 189.296097 62.259697
z5_GND_28178 5.090000152587891 189.341583 62.224461
z5_GND_32915 5.090000152587891 189.185623 62.210041
z5_GND_25573 5.090000152587891 189.328232 62.231686
z5_GND_2210 5.099999904632568 189.220413 62.167744
z5_GND_1116 5.099999904632568 189.280640 62.157314
z5_GND_19556 5.099999904632568 189.258133 62.248890
z5_GND_40743 5.099999904632568 189.262466 62.182095
z5_GND_22823 5.099999904632568 189.094727 62.239357
z5_GND_4016 5.099999904632568 189.204529 62.179150
z5_GND_11088 5.099999904632568 189.315125 62.273216
z5_GND_23181 5.099999904632568 189.242538 62.238541
z5_GND_33208 5.099999904632568 189.307465 62.209076
z5_GND_39136 5.099999904632568 189.324158 62.188362
z5_GND_35551 5.110000133514404 189.283676 62.201584
z5_GND_12158 5.110000133514404 189.083023 62.269699
z5_GND_31792 5.119999885559082 189.135483 62.213055
z5_GND_10084 5.119999885559082 189.140717 62.277237
z5_GND_44300 5.119999885559082 189.093964 62.289299
z5_GND_28819 5.130000114440918 189.365326 62.222359
z5_GND_9036 5.130000114440918 189.254929 62.282436
z5_GND_26806 5.130000114440918 189.273712 62.228466
z5_GND_25578 5.130000114440918 189.149429 62.231865
z5_GND_3481 5.130000114440918 189.329285 62.176426
z5_GND_10362 5.130000114440918 189.266068 62.278164
z5_GND_8681 5.130000114440918 189.139130 62.283527
z5_GND_29527 5.130000114440918 189.100662 62.220226
z5_GND_19218 5.130000114440918 189.306992 62.249779
z5_GND_18733 5.130000114440918 189.287979 62.249866
z5_GND_23197 5.130000114440918 189.103973 62.238167
z5_GND_18615 5.130000114440918 189.285294 62.251419
z5_GND_42222 5.130000114440918 189.161255 62.304886
z5_GND_25785 5.130000114440918 189.377655 62.231190
z5_GND_14386 5.130000114440918 189.217575 62.263100
z5_GND_9914 5.139999866485596 189.172379 62.277752
z5_GND_1303 5.150000095367432 189.238403 62.159389
z5_GND_14052 5.150000095367432 189.150833 62.264027
z5_GND_38076 5.150000095367432 189.259857 62.192493
z5_GND_26143 5.159999847412109 189.121307 62.230293
z5_GND_37906 5.159999847412109 189.263519 62.193096
z5_GND_35819 5.159999847412109 189.294312 62.200523
z5_GND_25015 5.159999847412109 189.096848 62.233330
z5_GND_37089 5.159999847412109 189.277756 62.195721
z5_GND_19494 5.159999847412109 189.096252 62.248917
z5_GND_15422 5.159999847412109 189.227661 62.260273
z5_GND_11521 5.159999847412109 189.217407 62.271622
z5_GND_15712 5.170000076293945 189.200607 62.259445
z5_GND_993 5.170000076293945 189.283447 62.155670
z5_GND_30288 5.170000076293945 189.425446 62.217979
z5_GND_35187 5.170000076293945 189.292587 62.202457
z5_GND_22796 5.170000076293945 189.088608 62.239491
z5_GND_35084 5.170000076293945 189.278580 62.203220
z5_GND_39164 5.170000076293945 189.176178 62.188309
z5_GND_39523 5.170000076293945 189.186615 62.187000
z5_GND_29491 5.179999828338623 189.104431 62.220345
z5_GND_18394 5.179999828338623 189.196579 62.251888
z5_GND_36637 5.190000057220459 189.158844 62.196880
z5_GND_29405 5.190000057220459 189.236176 62.220570
z5_GND_8641 5.190000057220459 189.196930 62.284508
z5_GND_33357 5.199999809265137 189.275726 62.208557
z5_GND_22178 5.199999809265137 189.196213 62.241421
z5_GND_6005 5.199999809265137 189.215530 62.318878
z5_GND_15151 5.199999809265137 189.254135 62.261086
z5_GND_12432 5.199999809265137 189.068817 62.268879
z5_GND_29662 5.199999809265137 189.316406 62.219872
z5_GND_21774 5.199999809265137 189.335770 62.242050
z5_GND_16018 5.199999809265137 189.291290 62.258629
z5_GND_8301 5.210000038146973 189.130981 62.286823
z5_GND_28426 5.21999979019165 189.322235 62.223690
z5_GND_25091 5.21999979019165 189.338287 62.233139
z5_GND_32243 5.21999979019165 189.176239 62.211956
z5_GND_31781 5.21999979019165 189.173172 62.213188
z5_GND_25994 5.21999979019165 189.402313 62.230099
z5_GND_16821 5.21999979019165 189.311417 62.256420
z5_GND_33620 5.21999979019165 189.265457 62.207706
z5_GND_12557 5.21999979019165 189.106247 62.268463
z5_GND_15356 5.21999979019165 189.282211 62.260399
z5_GND_26558 5.21999979019165 189.125916 62.229160
z5_GND_15899 5.21999979019165 189.309113 62.258888
z5_GND_30279 5.21999979019165 189.126846 62.218094
z5_GND_28693 5.230000019073486 189.106339 62.222816
z5_GND_12705 5.230000019073486 189.218094 62.268093
z5_GND_43555 5.230000019073486 189.187912 62.297195
z5_GND_28795 5.230000019073486 189.149551 62.221996
z5_GND_40117 5.230000019073486 189.177521 62.184551
z5_GND_28011 5.230000019073486 189.119797 62.224995
z5_GND_2774 5.230000019073486 189.245148 62.172050
z5_GND_36531 5.239999771118164 189.180099 62.197361
z5_GND_22596 5.239999771118164 189.100861 62.240181
z5_GND_12472 5.25 189.327454 62.268848
z5_GND_22516 5.25 189.149002 62.239697
z5_GND_16704 5.25 189.029144 62.256638
z5_GND_25550 5.25 189.261337 62.231972
z5_GND_43646 5.25 189.115295 62.294975
z5_GND_16389 5.25 189.360291 62.257557
z5_GND_12387 5.25 189.277649 62.269089
z5_GND_36794 5.25 189.221268 62.197052
z5_GND_1415 5.260000228881836 189.234848 62.160557
z5_GND_20890 5.260000228881836 189.340775 62.244846
z5_GND_15875 5.260000228881836 189.240158 62.259010
z5_GND_32576 5.260000228881836 189.305771 62.210899
z5_GND_40784 5.269999980926514 189.231476 62.181923
z5_GND_17105 5.269999980926514 189.118622 62.255566
z5_GND_24236 5.269999980926514 189.117950 62.235527
z5_GND_29728 5.269999980926514 189.097046 62.219597
z5_GND_34243 5.269999980926514 189.328659 62.205601
z5_GND_30740 5.269999980926514 189.221237 62.216541
z5_GND_27871 5.269999980926514 189.135422 62.225361
z5_GND_38172 5.269999980926514 189.303299 62.192223
z5_GND_19581 5.269999980926514 189.156250 62.248734
z5_GND_32413 5.269999980926514 189.357834 62.211445
z5_GND_12062 5.269999980926514 189.188843 62.269917
z5_GND_38274 5.28000020980835 189.183197 62.193260
z5_GND_18510 5.28000020980835 189.362473 62.251698
z5_GND_39362 5.28000020980835 189.319550 62.187557
z5_GND_43776 5.28000020980835 189.109680 62.295052
z5_GND_18239 5.28000020980835 189.110550 62.251755
z5_GND_25194 5.28000020980835 189.260803 62.232956
z5_GND_27023 5.289999961853027 189.113434 62.227650
z5_GND_28421 5.289999961853027 189.321533 62.223774
z5_GND_42576 5.289999961853027 189.143311 62.304779
z5_GND_44836 5.289999961853027 189.180756 62.282238
z5_GND_23097 5.289999961853027 189.120056 62.238659
z5_GND_13065 5.289999961853027 189.275375 62.266991
z5_GND_23860 5.289999961853027 189.314392 62.236462
z5_GND_908 5.300000190734863 189.245544 62.154888
z5_GND_39982 5.300000190734863 189.336609 62.185135
z5_GND_38372 5.300000190734863 189.355820 62.191467
z5_GND_10773 5.300000190734863 189.238770 62.274597
z5_GND_34380 5.300000190734863 189.249146 62.205204
z5_GND_37128 5.300000190734863 189.216827 62.195786
z5_GND_6190 5.300000190734863 189.219269 62.317703
z5_GND_45128 5.300000190734863 189.238235 62.277245
z5_GND_1442 5.300000190734863 189.233444 62.160805
z5_GND_15485 5.309999942779541 189.313889 62.260063
z5_GND_15258 5.309999942779541 189.162338 62.260696
z5_GND_39635 5.309999942779541 189.215805 62.186470
z5_GND_39403 5.309999942779541 189.170074 62.187279
z5_GND_26051 5.309999942779541 189.185165 62.230453
z5_GND_14496 5.309999942779541 189.337204 62.262798
z5_GND_5232 5.309999942779541 189.211029 62.325092
z5_GND_38627 5.309999942779541 189.296066 62.189976
z5_GND_23238 5.309999942779541 189.272186 62.238361
z5_GND_17574 5.309999942779541 189.045929 62.254158
z5_GND_33664 5.309999942779541 189.208664 62.207432
z5_GND_40591 5.309999942779541 189.346497 62.182686
z5_GND_25829 5.309999942779541 189.100327 62.230854
z5_GND_21641 5.309999942779541 189.117630 62.244312
z5_GND_16723 5.320000171661377 189.060165 62.256508
z5_GND_42437 5.320000171661377 189.172195 62.305618
z5_GND_42189 5.320000171661377 189.165497 62.306877
z5_GND_13494 5.320000171661377 189.147812 62.265678
z5_GND_28891 5.320000171661377 189.116974 62.222080
z5_GND_23632 5.320000171661377 189.083908 62.237129
z5_GND_2126 5.320000171661377 189.247681 62.167103
z5_GND_36638 5.329999923706055 189.186035 62.197540
z5_GND_23926 5.329999923706055 189.119080 62.236248
z5_GND_40815 5.329999923706055 189.194717 62.181686
z5_GND_28944 5.329999923706055 189.225967 62.222118
z5_GND_45159 5.329999923706055 189.251373 62.276859
z5_GND_1873 5.329999923706055 189.319275 62.164894
z5_GND_40610 5.329999923706055 189.295395 62.182640
z5_GND_37378 5.329999923706055 189.261703 62.194908
z5_GND_28158 5.329999923706055 189.189255 62.224251
z5_GND_39570 5.329999923706055 189.175720 62.186714
z5_GND_22781 5.329999923706055 189.399719 62.239494
z5_GND_39516 5.329999923706055 189.250916 62.187057
z5_GND_11014 5.340000152587891 189.123032 62.273594
z5_GND_32295 5.340000152587891 189.117996 62.211357
z5_GND_21873 5.340000152587891 189.124161 62.242218
z5_GND_25053 5.340000152587891 189.151260 62.233215
z5_GND_20529 5.340000152587891 189.125778 62.245922
z5_GND_33094 5.349999904632568 189.266449 62.209164
z5_GND_12796 5.349999904632568 189.167038 62.267803
z5_GND_22822 5.349999904632568 189.094940 62.239460
z5_GND_10699 5.349999904632568 189.177811 62.273163
z5_GND_5348 5.349999904632568 189.188812 62.323067
z5_GND_26807 5.349999904632568 189.273499 62.228371
z5_GND_12659 5.349999904632568 189.260620 62.268284
z5_GND_34905 5.349999904632568 189.289597 62.203724
z5_GND_33674 5.349999904632568 189.403564 62.207455
z5_GND_34362 5.360000133514404 189.261108 62.203945
z5_GND_32925 5.360000133514404 189.156342 62.210011
z5_GND_3533 5.369999885559082 189.221344 62.177345
z5_GND_15270 5.369999885559082 189.137222 62.260639
z5_GND_38295 5.369999885559082 189.262650 62.191956
z5_GND_30804 5.369999885559082 189.291733 62.216358
z5_GND_27366 5.369999885559082 189.132629 62.226734
z5_GND_12430 5.380000114440918 189.266220 62.269001
z5_GND_18617 5.380000114440918 189.353439 62.250774
z5_GND_6300 5.380000114440918 189.144775 62.316811
z5_GND_7157 5.380000114440918 189.204910 62.298958
z5_GND_45184 5.389999866485596 189.062866 62.276150
z5_GND_2791 5.389999866485596 189.205536 62.171963
z5_GND_37205 5.389999866485596 189.355759 62.195465
z5_GND_29671 5.389999866485596 189.103226 62.219704
z5_GND_37006 5.389999866485596 189.365982 62.196171
z5_GND_9255 5.389999866485596 189.239105 62.281002
z5_GND_20169 5.389999866485596 189.204132 62.247089
z5_GND_18467 5.389999866485596 189.181839 62.251186
z5_GND_45250 5.389999866485596 189.064270 62.274292
z5_GND_27819 5.400000095367432 189.110336 62.225437
z5_GND_10054 5.400000095367432 189.169846 62.277298
z5_GND_13256 5.400000095367432 189.154037 62.266151
z5_GND_21949 5.400000095367432 189.191772 62.242043
z5_GND_27870 5.400000095367432 189.263809 62.225407
z5_GND_11042 5.409999847412109 189.185684 62.273506
z5_GND_8691 5.409999847412109 189.274826 62.284302
z5_GND_11958 5.409999847412109 189.295837 62.270317
z5_GND_13295 5.409999847412109 189.306335 62.266296
z5_GND_12817 5.409999847412109 189.273254 62.267754
z5_GND_12904 5.409999847412109 189.195068 62.267513
z5_GND_14131 5.409999847412109 189.315414 62.263824
z5_GND_27779 5.409999847412109 189.398407 62.228722
z5_GND_24915 5.409999847412109 189.242813 62.233746
z5_GND_44411 5.409999847412109 189.159821 62.287952
z5_GND_28981 5.420000076293945 189.310776 62.221935
z5_GND_12163 5.420000076293945 189.168610 62.269779
z5_GND_42864 5.420000076293945 189.121704 62.302738
z5_GND_36668 5.420000076293945 189.376678 62.197426
z5_GND_17358 5.420000076293945 189.109802 62.254894
z5_GND_24948 5.429999828338623 189.320312 62.233444
z5_GND_17585 5.429999828338623 189.148361 62.253647
z5_GND_34379 5.429999828338623 189.249405 62.205284
z5_GND_4070 5.429999828338623 189.255096 62.179371
z5_GND_29394 5.429999828338623 189.183517 62.220627
z5_GND_33844 5.429999828338623 189.254288 62.207706
z5_GND_14449 5.440000057220459 189.290436 62.262959
z5_GND_35038 5.440000057220459 189.246918 62.203430
z5_GND_37598 5.440000057220459 189.167496 62.194004
z5_GND_30291 5.440000057220459 189.240143 62.218090
z5_GND_924 5.440000057220459 189.297012 62.154980
z5_GND_464 5.449999809265137 189.270706 62.148418
z5_GND_18697 5.449999809265137 189.302582 62.251148
z5_GND_32646 5.449999809265137 189.244049 62.212265
z5_GND_45282 5.460000038146973 189.277130 62.273685
z5_GND_23098 5.460000038146973 189.119629 62.238552
z5_GND_22869 5.460000038146973 189.273712 62.239220
z5_GND_34587 5.460000038146973 189.201569 62.204800
z5_GND_17752 5.460000038146973 189.091812 62.253738
z5_GND_3651 5.460000038146973 189.303589 62.177364
z5_GND_3987 5.460000038146973 189.268341 62.179062
z5_GND_21438 5.460000038146973 189.297653 62.243488
z5_GND_15083 5.46999979019165 189.328232 62.261211
z5_GND_19695 5.46999979019165 189.095551 62.248394
z5_GND_34550 5.46999979019165 189.228302 62.204975
z5_GND_42972 5.46999979019165 189.203873 62.302032
z5_GND_22589 5.46999979019165 189.256607 62.240318
z5_GND_1549 5.46999979019165 189.313599 62.161987
z5_GND_11013 5.46999979019165 189.157440 62.273609
z5_GND_13973 5.46999979019165 189.145691 62.264256
z5_GND_35096 5.46999979019165 189.283508 62.203049
z5_GND_21153 5.46999979019165 189.049622 62.244038
z5_GND_30467 5.46999979019165 189.289871 62.217373
z5_GND_23616 5.46999979019165 189.126144 62.237171
z5_GND_29629 5.480000019073486 189.280014 62.220001
z5_GND_23830 5.480000019073486 189.136795 62.236320
z5_GND_44047 5.480000019073486 189.228760 62.292271
z5_GND_19515 5.480000019073486 189.224777 62.248867
z5_GND_15486 5.480000019073486 189.313858 62.259865
z5_GND_31569 5.489999771118164 189.207809 62.213249
z5_GND_15025 5.489999771118164 189.324448 62.261330
z5_GND_28649 5.489999771118164 189.140549 62.223026
z5_GND_34594 5.489999771118164 189.202988 62.204651
z5_GND_10047 5.5 189.296280 62.277386
z5_GND_19949 5.5 189.099792 62.247723
z5_GND_41572 5.5 189.164932 62.309868
z5_GND_937 5.5 189.248169 62.155148
z5_GND_23450 5.5 189.139206 62.237736
z5_GND_33500 5.5 189.261383 62.208023
z5_GND_30143 5.510000228881836 189.371399 62.216454
z5_GND_11028 5.510000228881836 189.207382 62.273468
z5_GND_14554 5.510000228881836 189.332275 62.267471
z5_GND_13996 5.510000228881836 189.162186 62.263817
z5_GND_44555 5.510000228881836 189.117447 62.285877
z5_GND_13580 5.510000228881836 189.179810 62.265446
z5_GND_14430 5.510000228881836 189.342285 62.262852
z5_GND_9333 5.510000228881836 189.277710 62.280643
z5_GND_32273 5.519999980926514 189.226334 62.211914
z5_GND_42418 5.53000020980835 189.166550 62.305592
z5_GND_30190 5.53000020980835 189.248978 62.218365
z5_GND_21520 5.53000020980835 189.091965 62.243145
z5_GND_30952 5.53000020980835 189.227539 62.215889
z5_GND_29029 5.53000020980835 189.328568 62.221832
z5_GND_16761 5.539999961853027 189.133118 62.256535
z5_GND_15562 5.539999961853027 189.106384 62.259712
z5_GND_35309 5.550000190734863 189.311554 62.202244
z5_GND_3410 5.550000190734863 189.268646 62.176006
z5_GND_7334 5.550000190734863 189.173019 62.296448
z5_GND_2861 5.570000171661377 189.245544 62.172482
z5_GND_3842 5.570000171661377 189.354355 62.178230
z5_GND_33414 5.570000171661377 189.255936 62.208385
z5_GND_44499 5.579999923706055 189.105927 62.286846
z5_GND_7766 5.579999923706055 189.139984 62.291809
z5_GND_21233 5.579999923706055 189.132797 62.243698
z5_GND_33776 5.599999904632568 189.258087 62.207237
z5_GND_10574 5.610000133514404 189.175613 62.275261
z5_GND_20863 5.610000133514404 189.133728 62.244991
z5_GND_43398 5.610000133514404 189.120834 62.297928
z5_GND_15432 5.619999885559082 189.313339 62.260231
z5_GND_28326 5.630000114440918 189.396439 62.224007
z5_GND_9220 5.630000114440918 189.132736 62.281498
z5_GND_13471 5.650000095367432 189.337601 62.265736
z5_GNW_31880 4.510000228881836 189.271393 62.351212
z5_GNW_7072 4.519999980926514 189.025330 62.148975
z5_GNW_10068 4.53000020980835 188.994186 62.166977
z5_GNW_10051 4.53000020980835 189.143051 62.166763
z5_GNW_18335 4.539999961853027 189.298721 62.370361
z5_GNW_11343 4.539999961853027 189.063065 62.175076
z5_GNW_30139 4.539999961853027 189.236237 62.345791
z5_GNW_27207 4.559999942779541 189.445709 62.279854
z5_GNW_27329 4.559999942779541 189.485489 62.278584
z5_GNW_1436 4.559999942779541 189.137604 62.110703
z5_GNW_11470 4.559999942779541 189.130722 62.176006
z5_GNW_7359 4.559999942779541 189.173447 62.150562
z5_GNW_19328 4.559999942779541 189.335648 62.342037
z5_GNW_24884 4.570000171661377 189.413727 62.293072
z5_GNW_26735 4.570000171661377 189.410400 62.280621
z5_GNW_23173 4.570000171661377 189.414001 62.303658
z5_GNW_17976 4.570000171661377 189.300125 62.377483
z5_GNW_10435 4.570000171661377 189.169754 62.169712
z5_GNW_23135 4.579999923706055 189.367737 62.303959
z5_GNW_13519 4.579999923706055 189.033020 62.189247
z5_GNW_16950 4.579999923706055 189.007523 62.215862
z5_GNW_3113 4.579999923706055 189.074585 62.123543
z5_GNW_7148 4.579999923706055 189.168121 62.149288
z5_GNW_8029 4.579999923706055 189.132172 62.154274
z5_GNW_14909 4.590000152587891 189.059006 62.198074
z5_GNW_24869 4.590000152587891 189.413132 62.292938
z5_GNW_25533 4.599999904632568 189.478180 62.288589
z5_GNW_10902 4.599999904632568 189.021790 62.172131
z5_GNW_18119 4.599999904632568 189.341263 62.374805
z5_GNW_22005 4.630000114440918 189.374405 62.331764
z5_GNW_9713 4.630000114440918 189.020844 62.164299
z5_GNW_27307 4.630000114440918 189.383484 62.278702
z5_GNW_25757 4.630000114440918 189.489471 62.287277
z5_GNW_16792 4.630000114440918 188.985825 62.214222
z5_GNW_20205 4.630000114440918 189.451920 62.322983
z5_GNW_25207 4.630000114440918 189.495926 62.290863
z5_GNW_30718 4.639999866485596 189.445557 62.255939
z5_GNW_5814 4.639999866485596 189.095932 62.142269
z5_GNW_7069 4.639999866485596 189.109787 62.148880
z5_GNW_23546 4.639999866485596 189.244720 62.334938
z5_GNW_20538 4.639999866485596 189.371704 62.320847
z5_GNW_18499 4.639999866485596 189.314285 62.369171
z5_GNW_31257 4.639999866485596 189.468384 62.264084
z5_GNW_26545 4.650000095367432 189.537079 62.282501
z5_GNW_6850 4.650000095367432 189.201691 62.147831
z5_GNW_11473 4.659999847412109 189.130524 62.176033
z5_GNW_5561 4.659999847412109 189.228455 62.140850
z5_GNW_19050 4.659999847412109 189.347031 62.353020
z5_GNW_879 4.670000076293945 189.157059 62.106163
z5_GNW_24893 4.670000076293945 189.414062 62.292942
z5_GNW_14358 4.670000076293945 188.960693 62.194244
z5_GNW_25950 4.670000076293945 189.358902 62.336449
z5_GNW_26489 4.679999828338623 189.339569 62.282784
z5_GNW_3841 4.679999828338623 189.212433 62.129036
z5_GNW_4094 4.679999828338623 189.215683 62.131046
z5_GNW_18190 4.679999828338623 189.332199 62.373177
z5_GNW_3997 4.679999828338623 189.159180 62.130283
z5_GNW_31995 4.690000057220459 189.441864 62.246876
z5_GNW_18833 4.690000057220459 189.337082 62.360779
z5_GNW_7664 4.690000057220459 189.022537 62.151905
z5_GNW_33833 4.690000057220459 189.326660 62.356537
z5_GNW_12826 4.699999809265137 189.125839 62.184967
z5_GNW_13501 4.699999809265137 189.033249 62.189144
z5_GNW_20568 4.699999809265137 189.259491 62.320644
z5_GNW_11968 4.710000038146973 189.084091 62.179352
z5_GNW_23558 4.710000038146973 189.372299 62.301224
z5_GNW_25980 4.710000038146973 189.446945 62.284557
z5_GNW_33716 4.710000038146973 189.046555 62.227791
z5_GNW_4829 4.710000038146973 189.043991 62.136406
z5_GNW_14950 4.710000038146973 188.992371 62.198277
z5_GNW_14858 4.71999979019165 189.047394 62.197777
z5_GNW_2814 4.71999979019165 189.195938 62.121281
z5_GNW_19828 4.71999979019165 189.337784 62.324188
z5_GNW_26396 4.71999979019165 189.360275 62.338116
z5_GNW_23125 4.71999979019165 189.358032 62.333870
z5_GNW_9183 4.730000019073486 189.146210 62.161446
z5_GNW_19545 4.730000019073486 189.406128 62.326988
z5_GNW_23800 4.730000019073486 189.412338 62.299400
z5_GNW_9037 4.739999771118164 189.131332 62.160572
z5_GNW_26086 4.739999771118164 189.525986 62.284908
z5_GNW_30223 4.739999771118164 189.475952 62.259846
z5_GNW_5719 4.75 189.228348 62.141731
z5_GNW_23475 4.75 189.420959 62.301502
z5_GNW_29175 4.760000228881836 189.407074 62.268250
z5_GNW_25539 4.760000228881836 189.489624 62.288536
z5_GNW_26020 4.760000228881836 189.383316 62.285797
z5_GNW_16050 4.769999980926514 189.078735 62.206894
z5_GNW_6679 4.769999980926514 189.129776 62.146931
z5_GNW_4301 4.769999980926514 189.206665 62.132736
z5_GNW_8299 4.78000020980835 189.127930 62.155956
z5_GNW_4878 4.78000020980835 189.238174 62.136986
z5_GNW_31591 4.800000190734863 189.466827 62.249989
z5_GNW_15396 4.800000190734863 188.950516 62.201050
z5_GNW_25483 4.820000171661377 189.483795 62.289162
z5_GNW_27853 4.820000171661377 189.374390 62.276127
z5_GNW_28420 4.829999923706055 189.489487 62.272579
z5_GNW_21247 4.840000152587891 189.323563 62.327206
z5_GNW_500 4.840000152587891 189.165344 62.102058
z5_GNW_25351 4.840000152587891 189.379440 62.290100
z5_GNW_13302 4.849999904632568 189.081268 62.187920
z5_GNW_12025 4.860000133514404 188.992706 62.179607
z5_GNW_24765 4.860000133514404 189.408615 62.293724
z5_GNW_22993 4.869999885559082 189.464996 62.304745
z5_GNW_7475 4.880000114440918 189.096024 62.151009
z5_GNW_30406 4.889999866485596 189.487366 62.258228
z5_GNW_24199 4.889999866485596 189.362061 62.335377
z5_GNW_22068 4.889999866485596 189.415451 62.310997
z5_GNW_16101 4.889999866485596 189.000168 62.207241
z5_GNW_22952 4.900000095367432 189.376480 62.303314
z5_GNW_18539 4.909999847412109 189.313705 62.366421
z5_GNW_19346 4.909999847412109 189.295334 62.340641
z5_GNW_16750 4.920000076293945 189.058228 62.213993
z5_GNW_5471 4.920000076293945 189.227142 62.140247
z5_GNW_4151 4.920000076293945 189.196411 62.131405
z5_GNW_15250 4.920000076293945 189.078278 62.200256
z5_GNW_17220 4.920000076293945 189.060104 62.219460
z5_GNW_24681 4.929999828338623 189.449921 62.294109
z5_GNW_22867 4.940000057220459 189.437439 62.305618
z5_GNW_19973 4.940000057220459 189.371780 62.324554
z5_GNW_7021 4.949999809265137 189.212845 62.148659
z5_GNW_12303 4.949999809265137 189.140442 62.181587
z5_GNW_20164 4.960000038146973 189.321426 62.323441
z5_GNW_17282 4.960000038146973 189.062729 62.220272
z5_GNW_9182 4.960000038146973 189.116165 62.161400
z5_GNW_12609 4.960000038146973 189.100113 62.183624
z5_GNW_4207 4.960000038146973 189.214615 62.131989
z5_GNW_6112 4.960000038146973 189.064835 62.143963
z5_GNW_16380 4.96999979019165 189.049713 62.210239
z5_GNW_21681 4.980000019073486 189.365295 62.331093
z5_GNW_32544 4.980000019073486 189.333527 62.356617
z5_GNW_18384 4.980000019073486 189.311661 62.369568
z5_GNW_28771 4.989999771118164 189.365707 62.270374
z5_GNW_24194 4.989999771118164 189.318680 62.335365
z5_GNW_18481 4.989999771118164 189.286301 62.367218
z5_GNW_6135 5.010000228881836 189.032761 62.143970
z5_GNW_24858 5.010000228881836 189.414474 62.293190
z5_GNW_26358 5.010000228881836 189.360306 62.337769
z5_GNW_7580 5.010000228881836 189.147934 62.151527
z5_GNW_29397 5.010000228881836 189.377945 62.266701
z5_GNW_8240 5.010000228881836 189.133530 62.155624
z5_GNW_11071 5.019999980926514 188.972427 62.173115
z5_GNW_32085 5.019999980926514 189.249588 62.353359
z5_GNW_26831 5.039999961853027 189.343475 62.281479
z5_GNW_28132 5.039999961853027 189.325470 62.337238
z5_GNW_22974 5.050000190734863 189.436813 62.304794
z5_GNW_3328 5.050000190734863 189.132889 62.125340
z5_GNW_4604 5.050000190734863 189.234467 62.134914
z5_GNW_6610 5.059999942779541 189.123611 62.146542
z5_GNW_3220 5.070000171661377 189.137650 62.124378
z5_GNW_18316 5.070000171661377 189.346909 62.370659
z5_GNW_11701 5.070000171661377 189.055405 62.177502
z5_GNW_3304 5.090000152587891 189.175095 62.125172
z5_GNW_23042 5.090000152587891 189.415009 62.333538
z5_GNW_9718 5.090000152587891 189.166824 62.164448
z5_GNW_7184 5.090000152587891 189.086258 62.149422
z5_GNW_18492 5.090000152587891 189.316696 62.367031
z5_GNW_6780 5.099999904632568 189.131287 62.147434
z5_GNW_21020 5.099999904632568 189.289322 62.317978
z5_GNW_21283 5.099999904632568 189.403549 62.315697
z5_GNW_24140 5.099999904632568 189.446915 62.295174
z5_GNW_7248 5.110000133514404 189.089371 62.149796
z5_GNW_30229 5.119999885559082 189.419632 62.259953
z5_GNW_3424 5.119999885559082 189.208527 62.126209
z5_GNW_4241 5.119999885559082 189.168594 62.132294
z5_GNW_10657 5.119999885559082 189.130219 62.170780
z5_GNW_30237 5.130000114440918 189.418411 62.259842
z5_GNW_2416 5.130000114440918 189.195557 62.118301
z5_GNW_16472 5.130000114440918 188.951706 62.211136
z5_GNW_2890 5.130000114440918 189.163544 62.121872
z5_GNW_4779 5.130000114440918 189.203064 62.136204
z5_GNW_21219 5.139999866485596 189.310135 62.330257
z5_GNW_18086 5.139999866485596 189.321503 62.375549
z5_GNW_19038 5.150000095367432 189.290970 62.353146
z5_GNW_22180 5.159999847412109 189.363693 62.310337
z5_GNW_5021 5.159999847412109 189.181732 62.137760
z5_GNW_28199 5.159999847412109 189.382797 62.337444
z5_GNW_32760 5.159999847412109 189.451263 62.241043
z5_GNW_15644 5.159999847412109 188.994095 62.203255
z5_GNW_18993 5.159999847412109 189.251129 62.350750
z5_GNW_29869 5.170000076293945 189.496323 62.261868
z5_GNW_10304 5.170000076293945 189.112167 62.168396
z5_GNW_22583 5.170000076293945 189.298859 62.307564
z5_GNW_29099 5.179999828338623 189.392563 62.268265
z5_GNW_32117 5.179999828338623 189.257217 62.353569
z5_GNW_9175 5.190000057220459 189.054169 62.161289
z5_GNW_3433 5.190000057220459 189.205490 62.126289
z5_GNW_9155 5.190000057220459 189.044281 62.161171
z5_GNW_23548 5.190000057220459 189.415771 62.334045
z5_GNW_9541 5.190000057220459 189.165833 62.163639
z5_GNW_11950 5.199999809265137 188.967667 62.179089
z5_GNW_1433 5.199999809265137 189.121475 62.110664
z5_GNW_4337 5.199999809265137 189.073959 62.132893
z5_GNW_4321 5.21999979019165 189.194138 62.132847
z5_GNW_13514 5.21999979019165 188.967331 62.189121
z5_GNW_18766 5.21999979019165 189.345215 62.362179
z5_GNW_16295 5.21999979019165 189.069809 62.209255
z5_GNW_1503 5.230000019073486 189.139328 62.111233
z5_GNW_26366 5.230000019073486 189.503525 62.282974
z5_GNW_26081 5.230000019073486 189.381042 62.285637
z5_GNW_8942 5.230000019073486 189.105606 62.159954
z5_GNW_1663 5.230000019073486 189.147537 62.112507
z5_GNW_24063 5.230000019073486 189.360260 62.297802
z5_GNW_13254 5.239999771118164 189.039703 62.187725
z5_GNW_13381 5.239999771118164 189.104095 62.188435
z5_GNW_22312 5.239999771118164 189.339706 62.309032
z5_GNW_7098 5.239999771118164 189.214188 62.149055
z5_GNW_29609 5.239999771118164 189.436447 62.265049
z5_GNW_21750 5.25 189.317093 62.313053
z5_GNW_11120 5.269999980926514 189.050674 62.173576
z5_GNW_30244 5.269999980926514 189.418915 62.259678
z5_GNW_22490 5.269999980926514 189.394882 62.308056
z5_GNW_9696 5.269999980926514 189.031815 62.164223
z5_GNW_21915 5.28000020980835 189.439789 62.312111
z5_GNW_24491 5.28000020980835 189.393127 62.294991
z5_GNW_1799 5.28000020980835 189.158905 62.113655
z5_GNW_28602 5.28000020980835 189.375870 62.271450
z5_GNW_28317 5.289999961853027 189.302048 62.342876
z5_GNW_13415 5.289999961853027 189.090729 62.188805
z5_GNW_2919 5.300000190734863 189.203491 62.122383
z5_GNW_10284 5.300000190734863 189.164612 62.168625
z5_GNW_25408 5.300000190734863 189.457428 62.289562
z5_GNW_25352 5.300000190734863 189.407257 62.290123
z5_GNW_28669 5.300000190734863 189.381897 62.271294
z5_GNW_633 5.309999942779541 189.122101 62.103775
z5_GNW_9029 5.320000171661377 189.168854 62.160538
z5_GNW_23086 5.320000171661377 189.451691 62.304169
z5_GNW_19355 5.329999923706055 189.360199 62.340992
z5_GNW_10883 5.329999923706055 188.979492 62.171844
z5_GNW_28982 5.329999923706055 189.443680 62.269379
z5_GNW_12482 5.329999923706055 189.079254 62.182869
z5_GNW_29193 5.340000152587891 189.311798 62.337437
z5_GNW_11014 5.340000152587891 189.073074 62.172878
z5_GNW_8402 5.349999904632568 189.132050 62.156620
z5_GNW_19611 5.349999904632568 189.348190 62.326191
z5_GNW_18506 5.349999904632568 189.286057 62.366810
z5_GNW_25031 5.360000133514404 189.320038 62.292068
z5_GNW_25106 5.369999885559082 189.382370 62.291073
z5_GNW_5165 5.369999885559082 189.189346 62.138443
z5_GNW_13431 5.369999885559082 189.105881 62.188835
z5_GNW_22125 5.380000114440918 189.467743 62.310452
z5_GNW_6540 5.380000114440918 189.023026 62.146069
z5_GNW_27194 5.389999866485596 189.523804 62.278839
z5_GNW_23908 5.389999866485596 189.430618 62.298737
z5_GNW_22097 5.400000095367432 189.364624 62.310837
z5_GNW_4804 5.400000095367432 189.043030 62.136265
z5_GNW_24385 5.400000095367432 189.504623 62.295868
z5_GNW_6566 5.400000095367432 189.086212 62.146694
z5_GNW_23294 5.409999847412109 189.308411 62.303028
z5_GNW_27292 5.409999847412109 189.524963 62.278946
z5_GNW_20906 5.409999847412109 189.437683 62.318161
z5_GNW_19188 5.409999847412109 189.382980 62.345398
z5_GNW_29490 5.420000076293945 189.312943 62.344555
z5_GNW_24582 5.420000076293945 189.361115 62.294762
z5_GNW_18436 5.420000076293945 189.334290 62.368252
z5_GNW_2438 5.429999828338623 189.106522 62.118481
z5_GNW_14624 5.429999828338623 188.984055 62.195950
z5_GNW_7892 5.429999828338623 189.042801 62.153168
z5_GNW_11415 5.429999828338623 189.109222 62.175716
z5_GNW_28218 5.440000057220459 189.503250 62.273884
z5_GNW_9975 5.440000057220459 189.056854 62.166138
z5_GNW_5622 5.440000057220459 189.080841 62.141083
z5_GNW_23799 5.440000057220459 189.324554 62.299732
z5_GNW_7550 5.449999809265137 189.079727 62.151302
z5_GNW_13176 5.460000038146973 189.095291 62.187275
z5_GNW_12083 5.46999979019165 189.127014 62.180126
z5_GNW_11226 5.46999979019165 189.048050 62.174236
z5_GNW_17036 5.46999979019165 189.001556 62.216759
z5_GNW_17295 5.46999979019165 188.985779 62.220367
z5_GNW_24998 5.480000019073486 189.407364 62.290047
z5_GNW_17522 5.489999771118164 189.000061 62.223839
z5_GNW_9550 5.489999771118164 189.094131 62.163494
z5_GNW_25250 5.489999771118164 189.432602 62.290581
z5_GNW_6964 5.510000228881836 189.152328 62.148323
z5_GNW_28827 5.510000228881836 189.367249 62.270363
z5_GNW_32160 5.510000228881836 189.253998 62.353954
z5_GNW_3960 5.519999980926514 189.055939 62.129990
z5_GNW_11324 5.519999980926514 189.068375 62.174931
z5_GNW_1620 5.53000020980835 189.108795 62.112156
z5_GNW_7896 5.550000190734863 189.009964 62.153156
z5_GNW_15595 5.550000190734863 189.086746 62.202915
z5_GNW_22336 5.550000190734863 189.341263 62.309196
z5_GNW_10084 5.550000190734863 189.057281 62.166943
z5_GNW_15423 5.550000190734863 188.979294 62.201313
z5_GNW_5129 5.570000171661377 189.147980 62.138256
z5_GNW_6364 5.570000171661377 189.211990 62.145466
z5_GNW_28803 5.590000152587891 189.311783 62.337528
z5_GNW_12024 5.619999885559082 189.142960 62.179790
z6_GND_27072 5.380000114440918 189.267609 62.227623
z6_GND_30597 5.389999866485596 189.168045 62.217018
z6_GND_16205 5.5 189.281204 62.258125
z6_GND_15226 5.510000228881836 189.245941 62.260784
z6_GND_25400 5.510000228881836 189.341888 62.232079
z6_GND_30340 5.510000228881836 189.388916 62.217834
z6_GND_7533 5.519999980926514 189.135727 62.294010
z6_GND_38075 5.53000020980835 189.260315 62.192558
z6_GND_19665 5.53000020980835 189.248718 62.248444
z6_GND_42241 5.539999961853027 189.136017 62.307053
z6_GND_14309 5.539999961853027 189.334091 62.263069
z6_GND_16819 5.550000190734863 189.328232 62.256317
z6_GND_19428 5.550000190734863 189.249237 62.249271
z6_GND_21202 5.570000171661377 189.039261 62.247654
z6_GND_31259 5.570000171661377 189.128204 62.214882
z6_GND_26817 5.579999923706055 189.371964 62.228394
z6_GND_15034 5.579999923706055 189.121994 62.261303
z6_GND_41463 5.579999923706055 189.175934 62.311527
z6_GND_16399 5.610000133514404 189.234833 62.257507
z6_GND_36100 5.619999885559082 189.191269 62.199520
z6_GND_25195 5.630000114440918 189.260529 62.232784
z6_GND_31645 5.630000114440918 189.317184 62.213650
z6_GND_23050 5.630000114440918 189.180908 62.238876
z6_GND_22665 5.630000114440918 189.119446 62.239944
z6_GND_4887 5.630000114440918 189.177811 62.328133
z6_GND_13731 5.639999866485596 189.183960 62.265041
z6_GND_37210 5.650000095367432 189.387817 62.195457
z6_GND_13524 5.650000095367432 189.337402 62.266106
z6_GND_31073 5.650000095367432 189.123856 62.215500
z6_GND_34565 5.650000095367432 189.150848 62.204937
z6_GND_2041 5.650000095367432 189.310562 62.166309
z6_GND_38003 5.659999847412109 189.351807 62.192741
z6_GND_34516 5.670000076293945 189.292450 62.205074
z6_GND_18410 5.670000076293945 189.289429 62.252029
z6_GND_43125 5.670000076293945 189.189148 62.300659
z6_GND_32372 5.679999828338623 189.148468 62.211670
z6_GND_36607 5.690000057220459 189.155594 62.197659
z6_GND_22789 5.699999809265137 189.057785 62.239265
z6_GND_10131 5.699999809265137 189.169647 62.277069
z6_GND_5752 5.699999809265137 189.199585 62.320965
z6_GND_36192 5.710000038146973 189.293243 62.198696
z6_GND_36553 5.71999979019165 189.156387 62.197773
z6_GND_36554 5.71999979019165 189.156387 62.197666
z6_GND_41772 5.71999979019165 189.161087 62.309929
z6_GND_45284 5.730000019073486 189.098999 62.273613
z6_GND_28043 5.730000019073486 189.418427 62.224796
z6_GND_31483 5.739999771118164 189.347397 62.214108
z6_GND_35385 5.739999771118164 189.186890 62.202129
z6_GND_3649 5.739999771118164 189.206741 62.177505
z6_GND_36006 5.739999771118164 189.167999 62.199909
z6_GND_25488 5.75 189.208191 62.232140
z6_GND_35989 5.75 189.197800 62.199982
z6_GND_31787 5.760000228881836 189.206833 62.213509
z6_GND_27387 5.760000228881836 189.091476 62.228100
z6_GND_40437 5.760000228881836 189.317413 62.183235
z6_GND_19841 5.769999980926514 189.242554 62.248013
z6_GND_40316 5.769999980926514 189.211655 62.183769
z6_GND_40374 5.78000020980835 189.317230 62.183056
z6_GND_20167 5.789999961853027 189.134628 62.247040
z6_GND_2746 5.800000190734863 189.237167 62.171764
z6_GND_33397 5.800000190734863 189.219543 62.208443
z6_GND_19744 5.800000190734863 189.333466 62.248184
z6_GND_34646 5.800000190734863 189.203674 62.204674
z6_GND_1658 5.800000190734863 189.315659 62.162930
z6_GND_25047 5.829999923706055 189.260422 62.233292
z6_GND_31317 5.829999923706055 189.328766 62.214615
z6_GND_12436 5.829999923706055 189.171906 62.268970
z6_GND_20439 5.840000152587891 189.106293 62.250553
z6_GND_23511 5.849999904632568 189.204163 62.237595
z6_GND_22283 5.849999904632568 189.211411 62.241070
z6_GND_18166 5.849999904632568 189.109665 62.252594
z6_GND_32873 5.869999885559082 189.189819 62.210144
z6_GND_3560 5.869999885559082 189.299606 62.176907
z6_GND_35662 5.869999885559082 189.156464 62.201153
z6_GND_14514 5.869999885559082 189.128418 62.262768
z6_GND_25402 5.869999885559082 189.373932 62.232330
z6_GND_37114 5.880000114440918 189.276001 62.195805
z6_GND_19366 5.880000114440918 189.368210 62.249340
z6_GND_19346 5.889999866485596 189.242157 62.249462
z6_GND_20870 5.889999866485596 189.245880 62.244953
z6_GND_24765 5.889999866485596 189.237854 62.234093
z6_GND_11494 5.889999866485596 189.288666 62.271809
z6_GND_12534 5.889999866485596 189.180130 62.268661
z6_GND_38368 5.900000095367432 189.162201 62.190941
z6_GND_11572 5.900000095367432 189.094742 62.271599
z6_GND_9813 5.909999847412109 189.111526 62.277939
z6_GND_20525 5.909999847412109 189.353973 62.245975
z6_GND_23382 5.920000076293945 189.386108 62.237839
z6_GND_20879 5.920000076293945 189.369308 62.244785
z6_GND_29564 5.929999828338623 189.379532 62.220028
z6_GND_3598 5.929999828338623 189.206421 62.177135
z6_GND_29439 5.929999828338623 189.222900 62.220558
z6_GND_23200 5.929999828338623 189.169266 62.238453
z6_GND_8934 5.940000057220459 189.254196 62.282974
z6_GND_25505 5.949999809265137 189.346237 62.232059
z6_GND_11878 5.960000038146973 189.052979 62.270458
z6_GND_34344 5.96999979019165 189.153870 62.205605
z6_GND_24453 5.96999979019165 189.083664 62.234707
z6_GND_12175 5.96999979019165 189.172043 62.269726
z6_GND_20126 5.980000019073486 189.108185 62.247143
z6_GND_23875 5.989999771118164 189.385254 62.236454
z6_GND_8220 5.989999771118164 189.284531 62.287498
z6_GND_44248 5.989999771118164 189.106491 62.289970
z6_GND_32408 6.0 189.139297 62.211319
z6_GND_18287 6.0 189.231018 62.252335
z6_GND_1653 6.010000228881836 189.321106 62.162876
z6_GND_39617 6.019999980926514 189.335785 62.186554
z6_GND_24250 6.019999980926514 189.141068 62.234951
z6_GND_3337 6.03000020980835 189.244705 62.175613
z6_GND_11714 6.03000020980835 189.323929 62.271114
z6_GND_19165 6.039999961853027 189.347733 62.249870
z6_GND_2469 6.050000190734863 189.317230 62.169769
z6_GND_26172 6.050000190734863 189.396347 62.230190
z6_GND_19416 6.050000190734863 189.318161 62.249264
z6_GND_27503 6.070000171661377 189.260986 62.226460
z6_GND_21678 6.070000171661377 189.268097 62.242836
z6_GND_33735 6.070000171661377 189.221832 62.207375
z6_GND_27063 6.090000152587891 189.095505 62.227604
z6_GND_30217 6.090000152587891 189.345154 62.218262
z6_GND_44138 6.090000152587891 189.256210 62.291264
z6_GND_35834 6.099999904632568 189.311859 62.200588
z6_GND_38726 6.099999904632568 189.174835 62.190140
z6_GND_28438 6.119999885559082 189.177979 62.223713
z6_GND_2164 6.119999885559082 189.257080 62.167366
z6_GND_14284 6.119999885559082 189.039505 62.263264
z6_GND_9760 6.119999885559082 189.158234 62.278419
z6_GND_22148 6.119999885559082 189.130524 62.241520
z6_GND_22176 6.139999866485596 189.054993 62.241283
z6_GND_3883 6.139999866485596 189.303238 62.178509
z6_GND_31100 6.150000095367432 189.111649 62.215378
z6_GND_10550 6.159999847412109 189.202103 62.275394
z6_GND_37157 6.170000076293945 189.150513 62.195724
z6_GND_33623 6.170000076293945 189.358261 62.207642
z6_GND_28182 6.179999828338623 189.114838 62.224430
z6_GND_27453 6.179999828338623 189.237427 62.228119
z6_GND_40918 6.190000057220459 189.210892 62.181217
z6_GND_22278 6.190000057220459 189.240829 62.242634
z6_GND_35516 6.199999809265137 189.166718 62.202526
z6_GND_35540 6.210000038146973 189.337234 62.201584
z6_GND_37437 6.21999979019165 189.277359 62.194614
z6_GND_44831 6.21999979019165 189.175140 62.282261
z6_GND_34991 6.21999979019165 189.173401 62.203568
z6_GND_40297 6.230000019073486 189.333847 62.183849
z6_GND_25084 6.230000019073486 189.311966 62.233158
z6_GND_29625 6.25 189.403580 62.219875
z6_GND_36704 6.260000228881836 189.208878 62.197365
z6_GND_17031 6.269999980926514 189.346054 62.255791
z6_GND_36524 6.269999980926514 189.166473 62.197903
z6_GND_31820 6.269999980926514 189.400131 62.213013
z6_GND_37655 6.269999980926514 189.187363 62.195492
z6_GND_33351 6.28000020980835 189.371521 62.208561
z6_GND_36802 6.289999961853027 189.253830 62.197029
z6_GND_24007 6.289999961853027 189.381210 62.236076
z6_GND_10245 6.320000171661377 189.277405 62.276409
z6_GND_565 6.340000152587891 189.279327 62.150070
z6_GND_43953 6.349999904632568 189.117065 62.294224
z6_GND_27273 6.349999904632568 189.197571 62.226986
z6_GND_35552 6.349999904632568 189.177322 62.201553
z6_GND_8314 6.369999885559082 189.155563 62.286770
z6_GND_7095 6.369999885559082 189.165024 62.300190
z6_GND_10546 6.369999885559082 189.094086 62.275223
z6_GND_35647 6.369999885559082 189.329865 62.200844
z6_GND_20074 6.389999866485596 189.281021 62.247318
z6_GND_23763 6.389999866485596 189.078323 62.236763
z6_GND_10541 6.400000095367432 189.301987 62.275394
z6_GND_17020 6.420000076293945 189.362671 62.255814
z6_GND_25736 6.429999828338623 189.335617 62.231339
z6_GND_14708 6.440000057220459 189.267303 62.262276
z6_GND_32080 6.449999809265137 189.275269 62.212448
z6_GND_42333 6.460000038146973 189.139923 62.308372
z6_GND_38022 6.460000038146973 189.169693 62.192673
z6_GND_13905 6.480000019073486 189.176865 62.264542
z6_GND_30555 6.489999771118164 189.407944 62.217007
z6_GND_39946 6.510000228881836 189.319565 62.185249
z6_GND_26495 6.510000228881836 189.170349 62.229500
z6_GND_41477 6.519999980926514 189.220764 62.311398
z6_GND_18696 6.53000020980835 189.302902 62.251198
z6_GND_11304 6.539999961853027 189.282639 62.272503
z6_GND_28994 6.550000190734863 189.091812 62.221893
z6_GND_25065 6.579999923706055 189.077835 62.235924
z6_GNW_10897 5.510000228881836 188.976089 62.171894
z6_GNW_20715 5.539999961853027 189.339859 62.319981
z6_GNW_10822 5.550000190734863 188.995300 62.171459
z6_GNW_27915 5.559999942779541 189.474213 62.275700
z6_GNW_21773 5.570000171661377 189.354996 62.312595
z6_GNW_25538 5.570000171661377 189.481949 62.288136
z6_GNW_15142 5.579999923706055 188.919510 62.199280
z6_GNW_24501 5.579999923706055 189.431915 62.294598
z6_GNW_7398 5.579999923706055 189.176941 62.150730
z6_GNW_30051 5.579999923706055 189.455215 62.260632
z6_GNW_21404 5.590000152587891 189.403610 62.315521
z6_GNW_10970 5.590000152587891 189.075775 62.172729
z6_GNW_14534 5.599999904632568 188.985962 62.195339
z6_GNW_1169 5.610000133514404 189.135452 62.108707
z6_GNW_8973 5.619999885559082 189.167801 62.160194
z6_GNW_23350 5.619999885559082 189.414474 62.333523
z6_GNW_16088 5.630000114440918 188.953293 62.207077
z6_GNW_8472 5.659999847412109 189.172394 62.157078
z6_GNW_16618 5.659999847412109 188.995880 62.212585
z6_GNW_10421 5.659999847412109 189.089981 62.169113
z6_GNW_11480 5.670000076293945 189.157516 62.176079
z6_GNW_11543 5.699999809265137 189.157440 62.176498
z6_GNW_23358 5.710000038146973 189.360901 62.302246
z6_GNW_21823 5.71999979019165 189.355591 62.312592
z6_GNW_15180 5.730000019073486 188.962036 62.199577
z6_GNW_14511 5.739999771118164 189.100571 62.195335
z6_GNW_32731 5.769999980926514 189.255386 62.357750
z6_GNW_13256 5.78000020980835 188.945602 62.187500
z6_GNW_16141 5.789999961853027 189.019241 62.207722
z6_GNW_15549 5.800000190734863 188.927612 62.202450
z6_GNW_29533 5.820000171661377 189.452103 62.265274
z6_GNW_25620 5.820000171661377 189.321457 62.290100
z6_GNW_4155 5.820000171661377 189.130325 62.131390
z6_GNW_20152 5.840000152587891 189.307617 62.323444
z6_GNW_23409 5.849999904632568 189.470810 62.301613
z6_GNW_32543 5.860000133514404 189.318924 62.356548
z6_GNW_22717 5.860000133514404 189.416199 62.333141
z6_GNW_8924 5.869999885559082 189.133453 62.159878
z6_GNW_16070 5.880000114440918 188.954025 62.206898
z6_GNW_2045 5.889999866485596 189.156693 62.115440
z6_GNW_25652 5.900000095367432 189.489227 62.288094
z6_GNW_5756 5.909999847412109 189.079712 62.141884
z6_GNW_4311 5.940000057220459 189.178604 62.132816
z6_GNW_18532 5.960000038146973 189.292984 62.366489
z6_GNW_9770 5.96999979019165 189.117615 62.164848
z6_GNW_23437 5.989999771118164 189.388000 62.301167
z6_GNW_23975 6.019999980926514 189.363815 62.298447
z6_GNW_2993 6.019999980926514 189.127197 62.122612
z6_GNW_14478 6.019999980926514 189.001450 62.194984
z6_GNW_25971 6.099999904632568 189.334732 62.286125
z6_GNW_8139 6.139999866485596 189.144897 62.154930
z6_GNW_6440 6.179999828338623 189.162872 62.145832
z6_GNW_22555 6.190000057220459 189.301788 62.307808
z6_GNW_6554 6.199999809265137 189.137207 62.146313
z6_GNW_14222 6.199999809265137 189.028244 62.193592
z6_GNW_3671 6.199999809265137 189.203537 62.127998
z6_GNW_24499 6.21999979019165 189.387619 62.294487
z6_GNW_3857 6.440000057220459 189.122238 62.129124
z6_GNW_15435 6.460000038146973 188.979599 62.201408
z6_GNW_7317 6.5 189.069244 62.150181
z6_GNW_20456 6.539999961853027 189.324738 62.321445
z6_GNW_3153 6.539999961853027 189.106033 62.123947
z6_GNW_28273 6.650000095367432 189.248123 62.342968
z7_GND_8450 6.510000228881836 189.127731 62.288918
z7_GND_39528 6.53000020980835 189.306519 62.187450
z7_GND_6941 6.539999961853027 189.235886 62.312515
z7_GND_15642 6.559999942779541 189.151978 62.259640
z7_GND_34978 6.559999942779541 189.396912 62.203560
z7_GND_27838 6.559999942779541 189.136185 62.225498
z7_GND_6011 6.559999942779541 189.187546 62.318756
z7_GND_12621 6.579999923706055 189.203766 62.268417
z7_GND_41647 6.619999885559082 189.178131 62.310635
z7_GND_34860 6.619999885559082 189.228882 62.204010
z7_GND_34730 6.639999866485596 189.225845 62.204224
z7_GND_8389 6.639999866485596 189.225143 62.286285
z7_GND_16759 6.690000057220459 189.079834 62.256454
z7_GND_11401 6.690000057220459 189.186600 62.270905
z7_GND_8358 6.699999809265137 189.155319 62.286461
z7_GND_23288 6.699999809265137 189.219406 62.238243
z7_GND_43678 6.71999979019165 189.235199 62.295593
z7_GND_6010 6.730000019073486 189.187363 62.318821
z7_GND_29556 6.739999771118164 189.095871 62.220085
z7_GND_8192 6.75 189.183365 62.287727
z7_GND_30554 6.75 189.394012 62.217052
z7_GND_41244 6.75 189.177872 62.311699
z7_GND_26428 6.78000020980835 189.223541 62.229614
z7_GND_13643 6.789999961853027 189.137589 62.265190
z7_GND_22525 6.789999961853027 189.372818 62.240372
z7_GND_42883 6.800000190734863 189.140656 62.302364
z7_GND_38324 6.829999923706055 189.289673 62.191654
z7_GND_6330 6.840000152587891 189.166245 62.316498
z7_GND_10560 6.849999904632568 189.068634 62.275246
z7_GND_5323 6.860000133514404 189.178101 62.324318
z7_GND_43951 6.860000133514404 189.154617 62.292919
z7_GND_10568 6.880000114440918 189.139160 62.275288
z7_GND_5028 6.880000114440918 189.194901 62.326973
z7_GND_19479 6.880000114440918 189.239761 62.248119
z7_GND_14419 6.900000095367432 189.142044 62.263023
z7_GND_42808 6.920000076293945 189.188400 62.303051
z7_GND_2173 6.920000076293945 189.272736 62.167412
z7_GND_23744 6.929999828338623 189.299438 62.236885
z7_GND_27134 6.940000057220459 189.201035 62.227432
z7_GND_3509 6.940000057220459 189.227768 62.176628
z7_GND_35507 6.960000038146973 189.304443 62.201679
z7_GND_43797 6.960000038146973 189.120346 62.294849
z7_GND_28453 6.960000038146973 189.150269 62.223705
z7_GND_37645 6.96999979019165 189.189575 62.193901
z7_GND_39781 7.0 189.251724 62.185944
z7_GND_18181 7.0 189.082687 62.252476
z7_GND_41319 7.0 189.229721 62.302727
z7_GND_42108 7.0 189.134430 62.307869
z7_GND_10402 7.0 189.179276 62.275894
z7_GND_10527 7.019999980926514 189.202606 62.275509
z7_GND_37055 7.059999942779541 189.167053 62.195812
z7_GND_18228 7.079999923706055 189.245270 62.252533
z7_GND_15330 7.090000152587891 189.310867 62.260448
z7_GND_44826 7.090000152587891 189.179764 62.282383
z7_GND_15396 7.110000133514404 189.275909 62.260303
z7_GND_43573 7.119999885559082 189.198334 62.297024
z7_GND_20984 7.119999885559082 189.133713 62.244598
z7_GND_9908 7.119999885559082 189.286926 62.277763
z7_GND_11402 7.119999885559082 189.186172 62.270863
z7_GND_44859 7.139999866485596 189.163269 62.281876
z7_GND_6161 7.139999866485596 189.215073 62.317932
z7_GND_18869 7.150000095367432 189.205292 62.250767
z7_GND_14124 7.159999847412109 189.135635 62.263874
z7_GND_41199 7.170000076293945 189.185516 62.179821
z7_GND_44088 7.199999809265137 189.134995 62.291870
z7_GND_10780 7.210000038146973 189.138077 62.274445
z7_GND_9252 7.210000038146973 189.069672 62.281013
z7_GND_17506 7.21999979019165 189.155502 62.254482
z7_GND_13456 7.21999979019165 189.264938 62.265789
z7_GND_19215 7.230000019073486 189.199692 62.249809
z7_GND_8888 7.25 189.261658 62.283272
z7_GND_40057 7.28000020980835 189.339462 62.184780
z7_GND_34204 7.28000020980835 189.359695 62.205971
z7_GND_8012 7.309999942779541 189.260422 62.289406
z7_GND_7831 7.329999923706055 189.177307 62.291050
z7_GND_18323 7.329999923706055 189.371399 62.252140
z7_GND_20700 7.369999885559082 189.205246 62.245541
z7_GND_9034 7.389999866485596 189.195694 62.282425
z7_GND_44109 7.429999828338623 189.177155 62.291512
z7_GND_11368 7.440000057220459 189.283722 62.272243
z7_GND_21926 7.440000057220459 189.282959 62.242146
z7_GND_45190 7.440000057220459 189.138504 62.275600
z7_GND_42912 7.449999809265137 189.157883 62.302372
z7_GND_41546 7.46999979019165 189.159698 62.310566
z7_GND_44524 7.480000019073486 189.121201 62.286392
z7_GND_6451 7.519999980926514 189.222000 62.315762
z7_GND_38200 7.550000190734863 189.359146 62.192123
z7_GND_18770 7.559999942779541 189.097336 62.250954
z7_GND_34385 7.570000171661377 189.316742 62.205460
z7_GND_4786 7.570000171661377 189.191559 62.329220
z7_GND_9308 7.599999904632568 189.151688 62.280800
z7_GND_43295 7.71999979019165 189.209534 62.299274
z7_GNW_23360 6.639999866485596 189.358093 62.302467
z7_GNW_24443 6.659999847412109 189.356888 62.295319
z7_GNW_22413 6.690000057220459 189.392715 62.308613
z7_GNW_22375 6.699999809265137 189.342590 62.308517
z7_GNW_28182 6.769999980926514 189.510132 62.274639
z7_GNW_10658 6.769999980926514 189.024673 62.170666
z7_GNW_20329 6.829999923706055 189.254959 62.321877
z7_GNW_17001 6.840000152587891 189.032486 62.216415
z7_GNW_7284 6.909999847412109 189.036041 62.149914
z7_GNW_24671 6.929999828338623 189.361710 62.294373
z7_GNW_11595 6.929999828338623 188.965240 62.176491
z7_GNW_18834 6.96999979019165 189.273300 62.360786
z7_GNW_5858 7.039999961853027 189.068756 62.142452
z7_GNW_32653 7.090000152587891 189.278732 62.357452
z7_GNW_21903 7.119999885559082 189.290756 62.311100
z7_GNW_21025 7.150000095367432 189.283081 62.318039
z7_GNW_4703 7.190000057220459 189.094528 62.135540
z7_GNW_23317 7.239999771118164 189.439667 62.302383
z7_GNW_19939 7.239999771118164 189.273392 62.324783
z7_GNW_19517 7.369999885559082 189.325821 62.334698
z7_GNW_18773 7.369999885559082 189.309174 62.362141
z7_GNW_32502 7.389999866485596 189.285812 62.354965
z7_GNW_15559 7.409999847412109 189.083511 62.202583
z7_GNW_14500 7.440000057220459 188.920151 62.194962
z8_GND_41470 7.579999923706055 189.224442 62.311325
z8_GND_35384 7.599999904632568 189.231995 62.202343
z8_GND_32588 7.630000114440918 189.325317 62.210953
z8_GND_32082 7.639999866485596 189.364258 62.212334
z8_GND_22233 7.650000095367432 189.249802 62.241226
z8_GND_41247 7.670000076293945 189.279510 62.179752
z8_GND_16153 7.690000057220459 189.162552 62.258240
z8_GND_23069 7.78000020980835 189.109497 62.238792
z8_GND_21784 7.800000190734863 189.203125 62.242485
z8_GND_34295 7.820000171661377 189.159134 62.205757
z8_GND_25328 7.880000114440918 189.127716 62.232597
z8_GND_16634 7.960000038146973 189.197739 62.256969
z8_GND_9408 7.980000019073486 189.300110 62.280357
z8_GND_37387 8.069999694824219 189.330704 62.194847
z8_GND_8052 8.100000381469727 189.270020 62.288559
z8_GND_45101 8.100000381469727 189.121094 62.277802
z8_GND_42641 8.100000381469727 189.226212 62.304413
z8_GND_17539 8.34000015258789 189.045135 62.254520
z8_GNW_13554 7.46999979019165 189.039001 62.189419
z8_GNW_3806 7.559999942779541 189.140091 62.128723
z8_GNW_25541 7.559999942779541 189.513046 62.288696
z8_GNW_2963 7.630000114440918 189.092239 62.122368
z8_GNW_5376 7.699999809265137 189.191101 62.139683
z8_GNW_20236 7.769999980926514 189.433517 62.322304
z8_GNW_27475 7.840000152587891 189.373810 62.336391
z8_GNW_18397 7.840000152587891 189.295364 62.369267
z8_GNW_30497 7.840000152587891 189.353027 62.347015
z8_GNW_21001 7.900000095367432 189.286987 62.318020
z8_GNW_19912 7.949999809265137 189.252716 62.328400
z8_GNW_20826 7.96999979019165 189.401169 62.319225
z8_GNW_23029 8.010000228881836 189.310181 62.304390
z8_GNW_6106 8.050000190734863 189.203110 62.143940
