Title: The HETDEX pilot survey - I: Survey design, performance, and catalog of
        emission-line galaxies  
Authors: Adams J.J., Blanc G.A., Hill G.J., Gebhardt K., Drory N., Hao L., 
         Bender R., Byun J., Ciardullo R., Cornell M.E., Finkelstein S.L., 
         Fry A., Gawiser E., Gronwall C., Hopp U., Jeong D., Kelz A., 
         Kelzenberg R., Komatsu E., MacQueen P.J., Murphy J., Odoms P.S., 
         Roth M., Schneider D.P., Tufts J.R., Wilkinson C.P. 
Table: HETDEX Pilot Survey Emission Line Catalog
================================================================================
Byte-by-byte Description of file: apjs375276t3_mrt.txt
--------------------------------------------------------------------------------
   Bytes Format Units        Label    Explanations
--------------------------------------------------------------------------------
   1-  3 I3     ---          HPS      HETDEX Pilot Survey index number
   5-  6 I2     h            RAh      Hour of Right Ascension (J2000) 
   8-  9 I2     min          RAm      Minute of Right Ascension (J2000) 
  11- 15 F5.2   s            RAs      Second of Right Ascension (J2000) 
      17 A1     ---          DE-      Sign of the Declination (J2000)
  18- 19 I2     deg          DEd      Degree of Declination (J2000) 
  21- 22 I2     arcmin       DEm      Arcminute of Declination (J2000) 
  24- 29 F6.2   arcsec       DEs      Arcsecond of Declination (J2000) 
  31- 37 F7.2   0.1nm        Wave     Observed emission wavelength (1) 
  39- 42 I4     km/s         FWHM     Emission line intrinsic FWHM (2) 
  44- 48 F5.1   ---          S/N      Emission line Signal-to-Noise 
  50- 55 F6.1   10-17mW/m2   Flux     Emission line flux (3) 
  57- 60 F4.1   10-17mW/m2 e_Flux     Lower limit uncertainty in Flux
  62- 65 F4.1   10-17mW/m2 E_Flux     Upper limit uncertainty in Flux
  67- 70 F4.1   arcsec       Spatial  Emission line spatial FWHM (3)
  72- 74 F3.1   arcsec     e_Spatial  Lower limit uncertainty in Spatial
  76- 78 F3.1   arcsec     E_Spatial  Upper limit uncertainty in Spatial
  80-100 A21    ---          Match    Indicies that share position and redshift
--------------------------------------------------------------------------------
Note (1): In a vacuum, heliocentric frame (Angstroms) with an estimated 0.5 
          Angstroms uncertainty based on simulations.
Note (2): After removal of a 5 Angstrom FWHM instrumental resolution and with 
          an estimated 300 km/s uncertainty.
Note (3): As measured with the curve of growth method.
--------------------------------------------------------------------------------
001 02 21 11.16 -04 31  25.0  5219.16  229   8.1   17.4  3.9  3.5  4.7 0.6 0.8  
002 02 21 12.21 -04 32  25.3  5448.72  307   5.6   12.2  4.3  3.6  4.3 1.0 0.8  
003 02 21 14.28 -04 31  38.2  4973.93  422   7.5   19.9  3.1  4.7  4.4 0.5 0.8  
004 02 21 14.86 -04 31  56.6  5261.37 1285   6.3   42.6 12.4 11.2  5.1 0.9 0.7 5
005 02 21 15.14 -04 31  54.0  4270.67 1841  33.1  342.1 14.3 16.5  4.8 0.1 0.2 4
006 02 21 16.26 -04 29  32.8  4591.58  399  14.8   32.7  3.6  3.5  4.6 0.2 0.4  
007 02 21 16.35 -04 31  14.6  5161.72  293  19.5   49.4  4.4  2.6  4.7 0.2 0.2  
008 02 21 17.25 -04 27  55.7  5820.13  118   6.7   19.1  3.2  5.0  6.6 0.6 0.9  
009 02 21 17.25 -04 30  10.4  5464.33   78  12.1   14.1  2.5  1.5  3.6 0.4 0.5  
010 02 21 17.47 -04 27  30.6  4808.33  357  15.9   38.9  3.6  3.4  4.6 0.3 0.2  
011 02 21 18.48 -04 27  32.2  4590.82  441   6.6   21.2  4.6  4.7  5.9 0.7 0.7  
012 02 21 19.20 -04 30  28.9  4398.59  344   9.9   26.4  3.9  4.0  5.7 0.5 0.6  
013 02 21 19.22 -04 30  39.9  5250.96  378   7.8   11.7  1.9  2.6  3.6 0.5 0.7  
014 02 21 19.47 -04 28  21.9  4863.62  328  21.8   49.6  3.8  2.4  5.5 0.2 0.2  
015 02 21 19.48 -04 29  34.0  4919.31  243  21.7   36.2  2.8  2.8  4.9 0.3 0.2  
016 02 21 19.83 -04 28  08.8  4901.07  397   5.9   13.7  3.1  5.2  5.3 1.2 1.2  
017 02 21 19.85 -04 27  43.4  4588.13   93   5.9   13.2  3.4  3.9  5.3 0.9 1.1  
018 02 21 20.77 -04 30  56.6  5655.44  972   8.2   45.4  7.5  8.4  5.6 0.6 0.4 19
019 02 21 20.78 -04 30  56.4  5452.07  438  26.8   83.6  4.0  4.2  5.6 0.1 0.1 18
020 02 21 21.27 -04 27  44.6  5788.83  303   8.9   21.8  3.9  3.9  5.1 0.6 0.8  
021 02 21 22.13 -04 30  35.0  5448.33  277   8.6    8.8  1.9  2.4  3.3 0.8 0.7  
022 02 21 22.84 -04 29  25.2  4586.30  603   7.4   17.7  4.3  5.5  5.2 0.9 0.8  
023 02 21 22.88 -04 29  44.3  4540.36  323   9.4   18.5  4.1  3.2  4.6 0.6 0.7  
024 02 21 23.28 -04 29  22.3  4592.57  204   8.8   14.3  2.5  3.7  4.0 0.5 0.6  
025 02 21 23.47 -04 29  09.4  4319.48  810  14.1   64.3  8.8 10.1  6.2 0.5 0.5  
026 02 21 23.78 -04 30  00.2  5336.44  306  34.7   79.4  4.1  3.9  4.4 0.2 0.1  
027 02 21 24.45 -04 30  01.8  5805.02   74  18.1   34.7  3.2  3.8  4.5 0.3 0.3 28,29,30
028 02 21 24.47 -04 30  01.3  5636.41   76   7.9   15.7  2.7  3.7  4.7 0.7 0.7 27,29,30
029 02 21 24.48 -04 30  00.8  4322.09  204  23.1   48.0  3.3  3.8  3.9 0.3 0.2 27,28,30
030 02 21 24.49 -04 30  02.0  5749.30   92   5.8   10.5  3.5  3.7  4.6 1.2 0.9 27,28,29
031 02 21 25.54 -04 30  25.3  5435.34  337  13.1   24.9  3.0  3.3  3.9 0.3 0.4  
032 02 21 25.90 -04 29  49.3  5448.11  337   6.7   11.5  3.0  4.3  4.6 0.8 0.8  
033 02 21 26.83 -04 30  05.8  5460.20  343   9.4   25.4  4.6  3.6  5.0 0.6 0.5  
034 02 21 27.15 -04 29  39.2  4569.09  530   7.2   20.6  5.0  5.3  4.8 0.7 0.7  
035 02 21 27.45 -04 30  19.1  4040.56  284  82.7  752.1  9.7 17.1  6.9 0.1 0.1 36,37,38,39
036 02 21 27.53 -04 30  18.4  4705.35   91  20.5   54.3  4.2  3.5  5.5 0.2 0.3 35,37,38,39
037 02 21 27.56 -04 30  18.4  5269.77   81  93.9  290.9  4.7  4.8  5.7 0.0 0.0 35,36,38,39
038 02 21 27.56 -04 30  19.8  5427.20  127 104.5  392.3  5.3  3.9  5.8 0.0 0.0 35,36,37,39
039 02 21 27.57 -04 30  18.4  5375.63  128  61.3  182.9  4.4  3.2  5.7 0.1 0.1 35,36,37,38
040 02 21 27.69 -04 29  51.9  5457.98  371   9.3   15.4  3.0  4.3  3.2 0.7 0.5  
041 02 21 30.08 -04 30  46.9  4562.73  393   6.3   14.2  5.4  3.4  3.9 1.3 1.0  
042 03 06 30.22 +00 03  51.9  4607.42  216   7.9   54.0  9.3  9.6  6.5 0.5 0.6  
043 03 06 30.67 +00 01  27.1  5601.44   76   7.2   24.5  5.0  4.5  5.1 0.7 0.6 44
044 03 06 30.73 +00 01  28.8  4170.97  251   7.2   43.7  8.7  7.6  5.7 0.6 0.8 43
045 03 06 31.95 +00 01  46.0  5112.96  359   7.2   21.1  3.7  4.9  4.8 0.5 0.7  
046 03 06 32.73 +00 01  50.1  5112.48  410  18.4   57.8  3.9  4.8  4.8 0.2 0.2  
047 03 06 33.34 -00 01  31.5  5716.24  380   8.9   32.0  5.3  6.3  5.3 0.4 0.8  
048 03 06 33.57 -00 01  31.0  5674.73  330  20.0   78.9  5.2  7.0  6.4 0.3 0.2  
049 03 06 34.23 -00 00  47.1  5100.63  382   7.4   33.0  5.6  6.5  6.8 0.8 1.0  
050 03 06 34.24 +00 00  20.8  5093.97  226   6.2   13.4  3.5  4.1  5.5 1.2 0.8  
051 03 06 34.61 -00 00  49.6  4980.74  428   5.2    9.1  4.0  5.0  3.5 1.7 1.4  
052 03 06 35.18 +00 00  03.2  5310.40  374  19.4  110.7  7.7 11.2  8.7 0.4 0.4  
053 03 06 35.59 +00 00  18.5  5558.78  294   6.8   13.0  3.8  4.7  5.0 1.0 1.0  
054 03 06 35.72 -00 00  55.9  5317.42  352   5.3   10.8  3.6  3.1  3.1 1.7 1.0  
055 03 06 35.85 +00 01  06.7  5262.94   81   6.2    9.8  2.6  4.0  2.7 1.5 1.3  
056 03 06 35.95 -00 00  37.7  5309.58  243  12.1   33.6  4.9  4.5  4.4 0.4 0.4  
057 03 06 36.20 -00 00  39.4  4740.14  272  21.7   84.0  5.2  7.0  6.3 0.3 0.3  
058 03 06 37.22 -00 02  59.9  5112.92  261  13.5   58.0  7.7  8.2  5.7 0.4 0.4  
059 03 06 37.38 +00 03  47.4  5108.04  320   5.7   18.3  5.4  6.9  5.5 1.0 1.5  
060 03 06 37.40 +00 02  04.3  5505.53  226   7.2   27.3  5.5  7.4  6.8 0.7 1.0  
061 03 06 37.74 -00 00  27.8  4971.74  337   5.5   17.1  4.3  3.7  4.5 0.8 0.9  
062 03 06 38.12 +00 00  40.0  3741.83  392   5.5   67.7 21.0 22.9  3.4 1.0 1.3  
063 03 06 38.48 -00 01  29.5  5318.97  366   6.9   24.2  6.5  7.4  6.1 0.7 1.1  
064 03 06 38.68 +00 00  23.8  4743.43  362  10.3   28.6  3.7  4.4  4.1 0.4 0.5  
065 03 06 38.75 -00 00  15.9  4144.91  333  23.5  243.8 14.8 16.6  9.0 0.4 0.3 66,68
066 03 06 38.76 -00 00  18.6  5404.62   97   6.8   24.8  3.9  5.3  6.0 0.7 0.8 65,68
067 03 06 38.91 -00 02  40.1  4145.52  289   5.7   45.7 13.0 14.8  4.7 1.0 1.0  
068 03 06 38.94 -00 00  22.0  5564.20  410   5.5   67.0 13.8 11.8  8.6 0.8 0.9 65,66
069 03 06 38.99 +00 01  25.7  5676.74  295   8.7   28.8  5.1  4.8  4.7 0.7 0.5  
070 03 06 39.48 +00 03  34.8  5317.91  187   8.3   22.4  3.9  7.3  3.8 0.7 0.9  
071 03 06 39.51 +00 03  44.7  4536.81 1840   6.0  110.7 22.0 22.8  1.5 0.4 0.9 72,73,74,75,76,77,78
072 03 06 39.53 +00 03  45.3  3791.53  582   8.5  200.9 31.6 37.5  4.2 0.5 0.4 71,73,74,75,76,77,78
073 03 06 39.53 +00 03  45.0  4126.75  356  36.4  437.0 12.2 16.2  4.8 0.1 0.1 71,72,74,75,76,77,78
074 03 06 39.54 +00 03  44.6  4282.36  885  26.4  449.6 21.3 21.6  4.5 0.1 0.2 71,72,73,75,76,77,78
075 03 06 39.54 +00 03  44.2  5490.35  504  66.0  583.2 10.1 17.4  3.9 0.1 0.1 71,72,73,74,76,77,78
076 03 06 39.54 +00 03  44.2  5381.88 1187  83.5 1264.5 17.9 19.6  3.4 0.0 0.0 71,72,73,74,75,77,78
077 03 06 39.54 +00 03  44.0  5543.38  536 102.9 1903.5 22.0 20.1  4.2 0.0 0.0 71,72,73,74,75,76,78
078 03 06 39.56 +00 03  44.7  4807.15 1667  28.2  484.5 22.5 33.5  2.9 0.1 0.1 71,72,73,74,75,76,77
079 03 06 40.01 -00 00  02.7  5185.09  433   6.7   20.6  3.6  4.9  4.9 0.8 0.8  
080 03 06 40.02 -00 02  49.7  4927.84  323   7.4   34.6  8.3  9.5  4.6 0.9 0.7  
081 03 06 40.69 +00 01  53.2  4970.84  278   6.4   12.3  3.5  5.6  2.8 1.6 1.1  
082 03 06 40.73 -00 01  32.7  3950.67  743   6.5   89.8 24.2 23.4  6.4 0.7 1.0  
083 03 06 40.96 +00 00  24.0  5112.14  279  10.0   21.2  3.0  3.1  3.6 0.6 0.4  
084 03 06 41.10 -00 02  48.5  5159.92  285   5.8   31.9  5.8 10.2  6.6 1.5 1.1  
085 03 06 41.48 +00 01  10.8  3699.08 2323   7.5  288.3 59.8 90.6  3.5 0.7 0.7 86
086 03 06 41.58 +00 01  07.2  4569.91 1880   7.1  100.4 17.3 20.1  4.2 0.5 0.8 85
087 03 06 42.58 +00 00  20.1  5056.88  347   9.6   21.6  3.3  3.1  4.8 0.6 0.4  
088 03 06 43.25 +00 00  32.5  4781.86  240   8.0   44.9  7.9  6.3  7.3 0.8 0.9  
089 03 06 44.02 -00 01  27.4  4299.64  408  10.8   30.2  7.0  5.7  3.8 0.6 0.7  
090 03 06 44.11 +00 03  50.0  4766.79  326   6.7   39.1  7.7  7.2  5.6 0.8 0.9  
091 03 06 44.17 +00 00  47.3  4858.31  534   5.6   16.7  5.2  5.8  5.9 1.2 1.8  
092 03 06 44.44 +00 01  46.7  5682.19  363   6.0   13.2  4.3  4.2  4.4 0.7 1.0  
093 03 06 44.77 -00 02  49.3  3966.35  956   6.0   65.2 17.1 13.9  7.1 1.2 1.2  
094 03 06 46.23 +00 02  18.3  5767.11  370  22.7  134.7 11.4  9.6  6.0 0.4 0.2  
095 03 06 46.55 +00 03  06.8  4196.57  370   5.9   34.6 12.2 12.4  6.5 1.5 1.0  
096 03 06 46.68 +00 00  23.6  5186.29  353  10.4   22.7  3.3  4.1  5.0 0.5 0.5  
097 03 06 46.82 +00 02  20.1  5769.89  344   8.9   78.7 12.7 18.7  8.8 1.0 1.1  
098 03 06 48.25 -00 03  01.5  4811.19  397   6.0   23.8  5.3  6.9  6.1 1.0 0.9  
099 03 06 48.36 +00 00  17.0  4868.35  505   8.3   33.0  5.3  8.3  7.4 0.6 0.7  
100 03 06 48.86 -00 00  58.0  5084.20  469   9.4   25.4  4.6  5.2  4.2 0.5 0.7  
101 03 06 48.94 -00 01  01.1  4780.25  367  11.6   26.2  4.2  5.0  3.6 0.5 0.6  
102 03 06 49.19 -00 00  15.3  5309.65  331   6.9   24.8  4.6  5.1  5.8 0.7 0.9  
103 03 06 49.45 +00 01  23.4  5056.51  174   7.5   15.8  3.7  4.1  4.1 0.6 0.8  
104 03 06 49.73 -00 03  15.9  5554.32  189  16.2   58.9  6.9  4.9  6.1 0.3 0.3 105,106,107
105 03 06 49.74 -00 03  14.4  4134.79  253  11.1   56.6  9.3  5.8  5.5 0.5 0.6 104,106,107
106 03 06 49.76 -00 03  16.1  5500.66  259   6.4   29.2  6.5  5.8  6.4 0.6 0.8 104,105,107
107 03 06 49.78 -00 03  15.9  5392.14  280   6.7   23.7  4.4  6.0  6.3 0.6 0.7 104,105,106
108 03 06 50.08 +00 02  03.9  5111.31  304  12.4   39.9  4.8  7.2  6.4 0.4 0.5  
109 03 06 50.19 -00 02  14.9  5111.34  487   5.8   30.7  6.2  9.9  6.8 0.9 1.4  
110 03 06 50.47 -00 01  18.9  5262.67  311  12.6   28.1  2.7  5.7  3.6 0.4 0.4  
111 03 06 50.61 +00 01  39.1  5080.69  383   6.2   15.1  5.4  4.6  4.4 0.8 1.4  
112 03 06 51.13 +00 01  30.6  5109.22  460   8.1   27.9  4.0  7.1  5.4 0.6 0.7  
113 03 06 51.41 +00 01  03.9  5263.21  356   7.2   23.4  5.8  5.4  6.3 1.1 1.0  
114 03 06 51.54 -00 01  28.8  5322.09  387   6.1   11.7 10.5 13.0  7.2 2.4 6.6  
115 03 06 51.86 -00 02  35.6  5544.32  124   5.7   10.7  3.3  3.1  5.6 0.8 1.1 118
116 03 06 51.91 +00 01  22.6  5405.25   79   7.5   19.4  4.0  5.2  4.6 0.9 0.8 117,119
117 03 06 51.92 +00 01  21.9  5514.40  137   6.3   23.7  5.6  5.8  5.2 0.8 1.0 116,119
118 03 06 51.94 -00 02  34.7  4126.70  183   9.8   40.3  5.2  6.5  6.8 0.5 0.8 115
119 03 06 52.02 +00 01  23.4  4144.88  226  30.2  207.6  9.7 11.5  5.6 0.2 0.2 116,117
120 03 06 52.56 +00 00  47.6  5188.15  283  10.2   37.0  6.8  5.1  4.5 0.4 0.5  
121 03 06 52.74 +00 02  09.4  5116.78   84   6.1   10.0  2.9  4.0  3.3 0.7 1.0  
122 03 06 53.28 +00 03  13.9  4495.46  408   6.9   29.9  7.5  7.3  5.4 0.7 1.0  
123 03 06 53.53 -00 02  09.5  5422.37  302  32.5   80.4  3.0  3.4  4.7 0.1 0.2  
124 03 06 53.64 -00 02  32.8  5766.95  401   5.2   12.7  5.4  7.0  3.2 1.4 1.8  
125 03 06 55.10 -00 00  50.3  4143.68  227  20.5  223.9 37.7 33.1  7.1 0.5 0.6  
126 03 06 55.26 +00 00  33.8  4653.11  815  14.2  167.1 13.8 14.8  7.5 0.3 0.5  
127 03 06 55.52 +00 03  33.6  4298.41  380   5.4   22.1  6.8 10.9  5.1 0.7 1.4  
128 03 06 55.80 +00 01  04.2  5025.72  537   8.1   31.7  6.1  6.6  4.3 0.7 0.5  
129 03 06 55.81 +00 02  13.5  4240.25  234  12.7   50.8  7.1  5.8  4.7 0.4 0.4 131,134
130 03 06 55.81 +00 00  52.2  4780.23  316  13.0   55.6  5.8  8.2  4.5 0.4 0.4  
131 03 06 55.82 +00 02  12.8  5640.06  332   7.5   31.5  5.8  6.2  6.3 0.6 1.0 129,134
132 03 06 55.83 -00 00  23.2  5324.05  176   6.9   50.1 15.9 15.1  5.7 1.0 1.4  
133 03 06 55.84 +00 01  58.6  4608.89  548   5.7   20.6  5.7  4.0  3.2 0.9 0.7  
134 03 06 55.87 +00 02  12.9  5694.38  210  15.8   52.7  5.0  5.6  4.9 0.3 0.3 129,131
135 03 06 56.42 +00 03  04.9  4815.23  268   5.6   17.0  4.4  5.9  4.8 0.9 1.2  
136 03 06 57.30 -00 03  02.5  4728.95  363  13.6   30.2  3.3  4.3  4.3 0.4 0.4  
137 03 06 57.43 +00 00  03.1  4659.83  213  11.2   34.5 17.6 15.1  6.0 1.5 1.5  
138 03 06 57.63 -00 01  39.1  4109.87  242  28.1   94.2  5.1  5.0  4.7 0.2 0.2 139,140,141
139 03 06 57.63 -00 01  39.6  5520.42   78  23.3   51.4  3.0  3.9  4.5 0.2 0.2 138,140,141
140 03 06 57.64 -00 01  40.3  5359.66   80  12.4   33.6  3.9  2.9  5.5 0.4 0.4 138,139,141
141 03 06 57.67 -00 01  39.5  5467.60  138   8.2   15.4  2.9  2.8  3.6 0.6 0.6 138,139,140
142 03 06 58.84 -00 02  34.5  4352.06  612   5.9   20.6  3.2  6.8  3.8 0.9 0.8  
143 10 00 05.63 +02 16  08.9  4608.30  346  30.2   67.8  2.9  3.3  4.1 0.1 0.1  
144 10 00 05.83 +02 19  47.2  4534.15  324   5.9    5.5  2.5  2.7  2.7 1.5 1.8  
145 10 00 06.26 +02 13  10.9  3859.84 1164   8.6   84.0  8.1 14.8  7.5 0.8 0.8  
146 10 00 06.32 +02 18  03.7  4876.41  301  10.2   17.7  3.1  4.0  4.6 0.5 0.6  
147 10 00 06.89 +02 13  27.7  4534.91  253  30.7   59.3  3.4  4.1  5.3 0.2 0.2  
148 10 00 07.00 +02 19  27.8  5370.35  289   5.3    8.6  2.6  2.0  4.5 1.0 1.2  
149 10 00 07.14 +02 17  06.3  4995.67  449   6.3   24.3  4.6  5.9  7.3 0.8 1.1  
150 10 00 07.15 +02 14  56.8  4742.42 1165   7.6   29.1  6.7  6.9  4.7 0.6 0.8  
151 10 00 07.23 +02 18  46.6  5359.12  297  15.7   25.7  3.4  4.8  4.4 0.5 0.3  
152 10 00 07.29 +02 17  22.9  4723.68  273  22.9   40.7  4.0  3.7  6.1 0.5 0.3  
153 10 00 07.32 +02 12  45.5  4507.81  997   6.8   31.9  6.4  6.2  6.5 0.7 0.8  
154 10 00 07.59 +02 15  18.4  4707.81  254   6.4   10.6  2.8  2.6  4.3 0.7 0.9  
155 10 00 07.68 +02 17  37.1  4941.47  288   6.9    8.1  3.0  4.9  3.4 0.9 1.5  
156 10 00 08.03 +02 15  42.4  4778.44  342  17.7   29.0  3.4  3.0  5.2 0.4 0.3  
157 10 00 08.35 +02 15  23.0  4658.96  324  25.4   59.6  2.7  3.8  5.0 0.2 0.2  
158 10 00 08.52 +02 15  42.6  4073.10  257  14.3   45.3  3.7  5.3  6.4 0.4 0.5 159
159 10 00 08.52 +02 15  42.1  5471.22  138  14.8   19.0  1.8  3.5  5.4 0.4 0.4 158
160 10 00 08.61 +02 17  38.6  4175.32  663   6.0   17.1  6.4 10.5  5.2 1.6 1.5  
161 10 00 08.73 +02 12  50.0  5168.43  658  15.0   39.1  4.1  4.1  5.7 0.3 0.4  
162 10 00 08.73 +02 15  32.0  4167.83 1063   7.3   76.4 11.5 14.6  8.3 0.9 1.3  
163 10 00 08.82 +02 14  20.4  5117.51  366  18.8   38.4  2.1  4.3  5.0 0.2 0.3  
164 10 00 08.95 +02 17  23.2  4196.31  482   6.6   25.4 12.9 13.7 11.0 3.3 3.3  
165 10 00 09.25 +02 16  28.2  4541.90  231   6.7   14.2  4.1  3.4  5.5 1.3 1.0  
166 10 00 09.29 +02 15  36.9  5116.42  261  15.6   25.1  2.1  2.1  4.3 0.3 0.3  
167 10 00 09.41 +02 12  24.4  5008.85  310  12.2   21.4  2.9  2.6  4.8 0.3 0.4  
168 10 00 09.69 +02 14  54.9  5409.27  480  16.9   34.9  3.0  2.8  4.5 0.3 0.2  
169 10 00 09.75 +02 12  40.7  4704.85  321  25.1   42.2  2.8  3.0  4.9 0.2 0.1  
170 10 00 09.94 +02 15  50.0  4777.21  384   7.4   12.3  2.0  3.5  4.1 0.7 0.9  
171 10 00 10.00 +02 16  59.7  4781.40  307  16.2   23.4  3.0  3.1  3.9 0.4 0.4 172
172 10 00 10.01 +02 16  59.8  4962.23  260   6.1    5.0  2.3  2.3  2.3 1.1 1.3 171
173 10 00 10.35 +02 13  22.5  5141.95  242  15.3   20.9  2.6  2.1  4.5 0.4 0.3  
174 10 00 11.06 +02 12  26.7  5405.49  474   5.0    3.2  2.4  2.4  2.1 0.9 1.9  
175 10 00 11.27 +02 14  33.2  4779.62  400  18.8   41.6  4.0  3.0  5.5 0.2 0.3  
176 10 00 11.36 +02 17  41.8  5557.45  371  13.9   29.2  3.9  5.4  5.1 0.4 0.5  
177 10 00 11.38 +02 13  48.8  5146.23  277  10.5   18.3  3.2  2.8  4.8 0.5 0.4  
178 10 00 11.39 +02 15  14.1  5484.87  283   5.8   10.1  2.6  3.5  4.8 0.7 0.8  
179 10 00 11.85 +02 13  40.1  5009.81  426   7.2    7.3  1.9  2.9  3.4 0.9 1.3  
180 10 00 12.08 +02 20  02.6  5139.19  372   8.7    3.7  2.1  2.4  1.3 0.1 2.3  
181 10 00 12.11 +02 14  30.9  4752.15  300  18.8   43.1  3.7  4.2  6.0 0.3 0.4  
182 10 00 12.33 +02 14  16.0  4174.25  211   7.4   25.6  5.2  5.8  4.9 0.8 0.5  
183 10 00 12.44 +02 17  53.0  3844.49 1094   8.4   27.8 11.3 23.1  5.2 1.7 1.7  
184 10 00 12.57 +02 17  54.6  5112.92  336   5.4    6.1  3.2  5.0  5.2 2.4 3.0  
185 10 00 12.66 +02 13  07.1  4421.68  282   6.7   16.8  3.4  4.1  3.9 0.5 0.9  
186 10 00 12.71 +02 12  30.0  4421.87  312  20.1   91.4  7.2  5.3  5.5 0.2 0.2 187
187 10 00 12.73 +02 12  29.0  5765.58   74   6.2   13.7  2.6  4.6  4.5 0.9 0.7 186
188 10 00 13.07 +02 20  22.4  5134.26  437   7.1   22.8  4.1  6.1  4.7 0.7 0.9  
189 10 00 13.11 +02 18  56.3  4195.93  509   5.6   12.9  6.7  8.7  5.1 1.9 1.8  
190 10 00 13.25 +02 16  49.2  3980.38  301   5.3   19.2  5.8  4.7  5.2 0.5 1.3  
191 10 00 13.29 +02 19  59.4  5505.13  312  16.1   37.2  2.4  3.5  3.4 0.2 0.4  
192 10 00 13.57 +02 13  16.6  4893.46  406   9.0   23.6  4.9  3.9  5.4 0.6 0.6  
193 10 00 13.92 +02 14  16.7  5511.98  426   9.4   17.8  2.7  3.2  4.7 0.5 0.6  
194 10 00 14.16 +02 14  28.3  3997.41  667  15.7   61.0  4.3  4.9  4.9 0.2 0.3  
195 10 00 14.61 +02 17  02.9  4536.52   94  15.3   35.4  2.6  4.8  5.1 0.4 0.4  
196 10 00 14.69 +02 16  25.5  4441.28  321   8.5   24.0  4.7  3.1  6.3 0.5 0.8  
197 10 00 14.69 +02 17  47.4  4184.22  536   6.9   17.8  6.0  7.1  4.1 1.2 1.2  
198 10 00 14.93 +02 12  23.4  4715.87  364   9.8   24.9  3.6  4.0  4.9 0.4 0.6  
199 10 00 15.40 +02 14  12.6  4502.45  363  16.8   35.8  4.1  3.3  4.7 0.3 0.3  
200 10 00 15.55 +02 16  17.9  5820.96  222   5.9   10.8  3.2  3.8  4.3 0.9 1.0  
201 10 00 16.14 +02 19  17.1  5607.11   76  10.6   35.1  4.9  4.5  5.3 0.5 0.6  
202 10 00 16.17 +02 18  40.1  5320.35  276  18.3   30.6  4.6  3.4  4.8 0.4 0.3  
203 10 00 16.19 +02 14  00.4  4420.85  332  10.0   23.9  3.2  2.8  5.9 0.4 0.4  
204 10 00 16.23 +02 14  35.4  5012.40  239  21.3   38.2  2.8  2.5  4.9 0.2 0.2  
205 10 00 16.43 +02 20  30.2  4750.98  262   5.2   22.6  6.2  6.2  6.0 1.1 0.9  
206 10 00 16.66 +02 16  19.5  4535.17  242   9.4    5.9  3.5  3.0  1.7 0.5 2.0  
207 10 00 16.71 +02 18  21.5  4509.08  182   6.3    9.9  3.2  3.5  4.6 1.2 1.4  
208 10 00 16.74 +02 12  18.7  4418.58  351   7.7   28.5  4.5  4.2  5.6 0.7 0.6  
209 10 00 16.99 +02 12  38.6  4422.83  302  18.8   66.6  4.4  6.5  5.6 0.2 0.4  
210 10 00 17.09 +02 16  14.1  5455.26  526   5.9   10.5  3.3  3.4  3.9 0.9 1.1  
211 10 00 17.20 +02 17  36.7  5359.13  195   7.0   11.8  4.0  4.3  5.7 1.4 1.1  
212 10 00 17.40 +02 20  42.4  5513.32   78   5.5    8.2  3.0  2.5  2.2 1.0 1.2  
213 10 00 17.44 +02 16  59.0  5226.89  200   7.7   13.0  3.1  3.5  5.0 0.7 1.2  
214 10 00 17.46 +02 19  04.2  5221.86   82   6.4    8.2  3.2  4.4  6.0 1.8 2.0  
215 10 00 17.59 +02 19  33.9  4553.01  166   5.1   22.3  5.0  5.0  5.6 1.1 0.9  
216 10 00 17.77 +02 17  59.9  4768.66  280  34.5   45.8  4.2  3.1  4.3 0.2 0.2  
217 10 00 17.86 +02 20  17.3  5358.95  282  17.8   68.1  5.2  6.0  5.5 0.4 0.3  
218 10 00 18.00 +02 16  31.5  5069.17  264  14.9   31.9  3.5  2.8  5.3 0.2 0.4  
219 10 00 18.10 +02 18  18.7  4185.91  297  44.2  185.5  7.7  8.1  7.4 0.2 0.2 220,221
220 10 00 18.20 +02 18  18.3  5458.79   78  14.3   40.3  7.5  4.9  6.3 0.5 0.6 219,221
221 10 00 18.23 +02 18  15.7  5623.60  195  28.2   71.0  5.4  4.7  7.0 0.3 0.3 219,220
222 10 00 18.24 +02 15  51.0  4793.40  983  22.0   87.3  5.8  4.7  4.7 0.2 0.2  
223 10 00 18.56 +02 14  59.8  4018.61 1102   5.7   39.0  9.4 11.5  6.4 0.9 1.0  
224 10 00 18.82 +02 18  09.8  5598.94  327  12.5   16.0  3.2  3.8  4.0 0.6 0.8  
225 10 00 18.94 +02 14  26.6  4190.38  237  21.8   54.6  3.0  2.3  4.9 0.2 0.1 226,227
226 10 00 18.96 +02 14  25.9  5628.37  122  20.8   31.7  2.4  1.5  4.1 0.3 0.3 225,227
227 10 00 18.97 +02 14  25.3  5465.05   78   6.8   11.8  1.9  2.6  4.9 0.7 0.6 225,226
228 10 00 19.31 +02 20  25.4  5500.26  326   6.6   20.8  4.3  5.5  3.8 0.7 0.8  
229 10 00 19.39 +02 13  12.6  4910.43  625  14.2   41.6  5.0  4.2  5.4 0.3 0.5  
230 10 00 20.43 +02 12  44.8  5317.30  330  11.8   31.0  4.7  5.4  5.6 0.7 0.6  
231 10 00 20.80 +02 19  18.8  4524.17  551   7.0   30.8  7.6  8.0  6.3 0.7 1.1  
232 10 00 21.04 +02 19  29.4  5147.66  326  23.4   84.2  4.1  5.0  6.1 0.2 0.3  
233 10 00 21.36 +02 14  50.7  4888.43  367  32.1   70.1  3.3  2.5  5.5 0.2 0.2  
234 10 00 21.49 +02 13  51.5  5465.91   78  14.1   24.4  3.0  3.6  4.5 0.4 0.4  
235 10 00 21.67 +02 12  23.6  4218.01  453  12.5   35.5  4.9  5.8  5.1 0.5 0.5  
236 10 00 21.92 +02 12  37.6  5618.91  386   5.2   11.0  4.7  5.4  4.4 1.1 1.5 237
237 10 00 21.94 +02 12  37.4  4185.31  211   6.2   19.4  4.2  6.0  6.1 0.6 1.4 236
238 10 00 22.95 +02 17  55.3  5072.40  413   7.6   39.6  4.9  7.0  7.8 0.7 0.8  
239 10 00 22.96 +02 13  14.0  4419.67  302  52.5  284.9  6.0  5.1  5.5 0.1 0.1 240,241,242
240 10 00 22.99 +02 13  13.5  5146.25   83  12.2   29.7  3.1  2.9  4.5 0.3 0.5 239,241,242
241 10 00 23.00 +02 13  13.7  4584.53 1069  13.4   95.0  9.2  8.3  5.4 0.4 0.3 239,240,242
242 10 00 23.00 +02 13  13.3  5764.11  163  47.9  140.3  3.3  4.8  4.4 0.1 0.1 239,240,241
243 10 00 23.05 +02 15  13.9  4921.57  373   8.8   16.9  2.1  2.4  4.9 0.4 0.7  
244 10 00 23.66 +02 13  12.0  3768.03  114   5.1   10.4  4.2  5.2  3.5 1.3 1.5  
245 10 00 23.86 +02 14  41.9  5712.13  272   9.4   11.3  1.9  2.7  3.8 0.5 0.5  
246 10 00 23.93 +02 13  52.9  4850.29   88   6.4    9.2  2.7  4.8  4.4 0.7 1.0  
247 10 00 24.37 +02 13  59.7  4418.51  212   9.0   19.5  2.0  5.7  4.9 0.5 0.7  
248 10 00 26.26 +02 13  27.0  5113.54  279  23.0   47.7  3.3  2.9  6.2 0.2 0.2  
249 10 00 26.74 +02 17  40.0  5194.68  368   5.6    7.4  2.7  3.1  5.4 1.3 1.5  
250 10 00 26.91 +02 13  01.5  5115.86  501   5.1    7.9  3.1  2.6  3.7 1.2 1.3  
251 10 00 27.28 +02 17  31.3  3993.64  884   5.4   45.0 11.6 13.7  5.2 0.8 1.0  
252 10 00 27.48 +02 17  06.6  5366.96  363  21.8  101.7  6.7  6.4  6.7 0.2 0.2  
253 10 00 27.48 +02 15  52.3  5085.05  353   6.8   20.4  4.4  3.6  5.6 0.6 0.7  
254 10 00 27.99 +02 12  57.9  5324.76  187  12.7   17.3  1.5  2.4  3.8 0.5 0.4  
255 10 00 28.21 +02 19  05.5  4605.60  346   7.3   18.6  3.3  3.8  6.6 1.0 0.9  
256 10 00 28.25 +02 17  58.4  4243.48  612   9.0   31.4  6.5  9.3  5.4 0.6 0.8  
257 10 00 28.38 +02 17  36.2  4781.50  184   5.9    6.0  2.8  2.2  2.6 1.4 1.1  
258 10 00 28.50 +02 17  55.9  4631.84  515  12.3   31.2  4.9  2.8  5.8 0.4 0.3  
259 10 00 28.52 +02 14  42.1  5699.80   75   5.2    7.1  3.7  5.0  1.5 0.3 2.2  
260 10 00 28.57 +02 18  58.4  4123.08  416   6.0   22.7  5.4  4.9  5.8 1.1 1.1 262
261 10 00 28.57 +02 17  48.4  3763.70  886   9.8  143.7 10.1 23.2  8.3 0.6 0.9  
262 10 00 28.60 +02 18  57.8  5538.09   95   6.9    7.0  2.1  2.3  3.9 1.0 0.8 260
263 10 00 29.06 +02 14  09.2  4172.49  511   6.1   24.1  7.7  8.0  5.8 1.0 1.2  
264 10 00 29.20 +02 18  58.5  5062.51  362  11.8   25.3  2.9  4.1  5.8 0.4 0.4  
265 10 00 29.21 +02 15  02.6  4656.10  287  16.5   72.5  6.0  8.7  5.2 0.3 0.3  
266 10 00 29.73 +02 18  50.1  3886.57  242   9.6   41.9  5.7  5.8  5.8 0.5 0.6  
267 10 00 30.37 +02 18  44.2  4540.92  284   6.6   12.5  3.0  4.0  5.2 0.8 0.8  
268 10 00 30.60 +02 17  35.4  4768.98  280  22.0   40.6  2.2  3.0  4.3 0.2 0.2  
269 10 00 30.60 +02 17  43.9  4334.67  377   6.7   13.9  2.9  4.4  6.4 1.0 0.9  
270 10 00 30.61 +02 13  01.8  5682.31  382   7.1    8.7  2.2  3.5  2.8 1.5 1.1  
271 10 00 31.36 +02 13  07.2  4544.56  181   8.3   15.1  2.9  2.6  5.2 0.7 0.6  
272 10 00 31.68 +02 17  57.6  5483.45  560   7.5   17.8  3.2  3.4  5.1 0.5 0.7  
273 10 00 31.98 +02 15  51.0  5635.92  325   5.1   15.8  4.9  7.1  6.9 1.4 1.4  
274 10 00 32.12 +02 19  11.3  4703.77  438   8.3   17.4  2.6  3.8  5.6 0.6 0.7  
275 10 00 32.44 +02 15  53.0  4649.99  258   7.7   27.1  8.0  7.5  7.1 1.0 1.2  
276 10 00 32.70 +02 13  59.7  4423.45  225   6.4    9.7  3.1  3.2  3.5 1.5 0.9  
277 10 00 32.84 +02 13  56.6  4870.97   88   7.5    8.5  2.0  2.1  3.8 0.7 0.7 279,280,281
278 10 00 32.85 +02 13  56.8  4183.75  238  38.7  118.1  3.5  3.9  4.7 0.1 0.2 279
279 10 00 32.87 +02 13  56.4  5619.24   76  66.3  152.4  3.9  3.5  4.9 0.1 0.1 278
280 10 00 32.87 +02 13  56.4  5455.84   78  18.3   36.8  3.3  2.5  4.7 0.3 0.3 277,279,281
281 10 00 32.89 +02 13  56.1  4341.91   99   7.1   12.1  3.0  3.0  5.0 0.8 0.8 277,279,280
282 10 00 33.00 +02 15  32.1  4924.90  271  10.0   33.8  5.2  3.6  4.7 0.4 0.5  
283 10 00 33.27 +02 18  24.6  5226.85  575   9.0   22.1  3.1  3.3  5.8 0.4 0.5  
284 10 00 33.45 +02 13  08.5  4850.76  320  10.3   22.1  3.4  3.6  5.6 0.4 0.6  
285 10 00 33.51 +02 16  14.2  5368.89  377  16.8   42.0  2.9  3.8  4.9 0.3 0.3  
286 10 00 33.91 +02 13  17.9  3925.73  688   7.3   28.4  4.3  8.1  5.9 0.8 0.7  
287 10 00 34.81 +02 17  42.4  5248.10  357   5.5    6.0  3.0  2.3  4.1 1.0 1.5  
288 10 00 35.09 +02 17  49.4  4911.08  471   8.1   11.9  3.3  2.6  4.1 0.7 0.9  
289 10 00 35.24 +02 18  07.3  5235.12  428   6.4   17.1  4.5  4.5  6.5 1.3 1.2  
290 10 00 35.49 +02 18  38.8  5501.79  453  11.7   43.5  5.9  6.6  7.7 0.7 0.7  
291 10 00 35.66 +02 12  22.3  5066.83  526   7.6   27.4  4.8  6.2  6.5 0.6 0.7  
292 10 00 35.75 +02 18  58.1  4706.49  406  12.5   30.1  3.5  4.4  5.9 0.5 0.5  
293 10 00 35.80 +02 19  00.7  5043.80  228   9.4   20.8  3.1  3.5  5.3 0.5 0.6  
294 10 00 36.03 +02 15  26.9  5112.56  184   9.0   61.3  8.2 13.0  5.3 0.7 0.7  
295 10 00 36.34 +02 13  17.6  4452.12  339   8.8   24.4  4.2  4.7  6.1 0.8 0.7  
296 10 00 36.71 +02 13  09.8  4664.60  368   5.1   11.1  2.8  5.5  4.9 1.0 1.2  
297 10 00 37.05 +02 15  08.9  4706.76  284  10.0   67.4  8.5 11.2  4.4 0.5 0.5  
298 10 00 37.06 +02 13  34.5  5069.25   84   7.0   11.5  2.4  3.9  5.6 1.0 0.9  
299 10 00 37.37 +02 16  12.7  4502.75  266   7.8   31.9  6.2  4.0  6.2 0.8 0.6  
300 10 00 37.52 +02 12  54.6  4159.03  182  15.6   41.8  4.4  3.4  4.9 0.2 0.2  
301 10 00 37.58 +02 18  47.9  5370.16  273  13.5   24.1  2.7  2.4  4.8 0.4 0.3  
302 10 00 38.66 +02 18  03.9  5261.46  341   6.8   14.7  3.6  3.7  6.0 0.7 0.9  
303 10 00 39.33 +02 12  46.5  4266.55  143   8.3   31.1  6.1  5.4  7.0 0.8 0.7 304
304 10 00 39.49 +02 12  45.3  5729.67  225   7.8   32.4  6.7  5.7  7.5 0.8 0.9 303
305 10 00 39.58 +02 13  20.3  4937.93  280  15.6   38.5  3.5  4.4  5.5 0.3 0.4  
306 10 00 39.61 +02 13  38.6  4180.67  766   6.0   38.3  9.2  5.8  7.1 0.8 1.0  
307 10 00 40.03 +02 18  02.9  5369.06  320   6.8   19.5  4.8  4.1  5.6 0.8 0.6  
308 10 00 40.04 +02 12  51.7  5622.45  157   7.5   18.4  4.2  3.5  5.4 0.9 0.8  
309 10 00 40.69 +02 18  32.4  5177.91  231   6.7   11.3  3.5  4.2  5.5 1.1 1.3 311,312
310 10 00 40.70 +02 17  41.5  4948.20  532   7.7   10.7  2.4  2.9  4.0 0.6 0.7  
311 10 00 40.71 +02 18  31.9  5479.52   78   8.2   10.2  2.7  2.6  3.8 0.7 0.9 309,312
312 10 00 40.75 +02 18  32.1  4883.34  318   6.8   11.0  3.2  5.0  4.0 0.9 1.1 309,311
313 10 00 40.78 +02 18  23.6  3765.58  249   5.9   25.1 10.1 12.4  5.0 1.3 1.8  
314 10 00 41.09 +02 17  03.6  4414.31  352   6.8   14.4  2.9  5.7  3.7 0.7 1.1  
315 10 00 41.45 +02 18  16.5  4949.89  201   6.5    8.6  2.4  2.9  3.2 0.6 1.0  
316 10 00 42.78 +02 16  31.2  4628.37  500   9.1   22.1  4.8  6.8  3.7 0.6 0.7  
317 10 00 42.92 +02 18  46.0  5510.02  149   9.2   17.0  3.5  3.3  4.6 0.5 0.5  
318 10 00 44.13 +02 15  58.9  4201.16  349   5.6   30.3 11.1  8.9  8.0 1.6 1.7  
319 10 00 44.23 +02 16  57.4  5371.69  334  15.0   33.4  3.8  2.6  4.6 0.3 0.3  
320 10 00 44.27 +02 16  26.1  5447.36  277  20.4   47.3  3.8  3.0  4.8 0.2 0.3  
321 10 00 44.39 +02 18  28.8  5004.99  335  11.4   18.4  2.1  4.2  4.0 0.3 0.5  
322 10 00 44.57 +02 18  31.6  5057.65  486   7.5   16.7  3.3  4.4  4.7 0.8 0.9  
323 10 00 45.12 +02 18  22.0  5617.75  213  15.3   36.7  2.8  3.9  5.1 0.3 0.4 324,325,326
324 10 00 45.15 +02 18  22.6  5454.38   78   7.2   19.4  4.4  4.3  6.1 0.9 0.7 323,325,326
325 10 00 45.16 +02 18  22.7  5565.71  377   5.6   13.0  4.1  6.2  4.6 1.4 1.3 323,324,326
326 10 00 45.22 +02 18  23.4  4182.35  250  19.6   75.8  4.3  5.4  5.1 0.3 0.2 323,324,325
327 10 00 45.70 +02 16  58.7  3954.25  549   5.1   15.5  6.0  6.5  2.9 1.7 1.0  
328 10 00 46.56 +02 19  12.4  5482.61  334   9.2   20.2  3.3  4.9  5.3 0.7 0.6  
329 10 00 47.16 +02 18  00.0  5628.54  398  12.6   41.9  5.2  6.0  6.0 0.5 0.5  
330 10 00 47.38 +02 17  08.7  4415.69 1160   6.0   22.6  6.6  7.6  2.8 0.8 1.5  
331 10 00 47.43 +02 17  18.4  5370.58  349   5.6   10.3  3.3  5.6  3.9 1.2 1.5  
332 12 36 14.19 +62 11  48.5  4792.43  399  17.2   43.5  4.0  5.9  5.7 0.4 0.3  
333 12 36 14.22 +62 14  13.6  4498.89  182   5.4   17.2 11.8 15.9  6.0 2.2 3.4  
334 12 36 15.03 +62 10  25.2  4680.15  440  10.9   29.2  5.2  6.3  4.5 0.5 0.6  
335 12 36 15.85 +62 12  37.6  4790.74  288  35.2   92.3  3.5  3.6  4.6 0.1 0.1  
336 12 36 15.98 +62 10  08.8  4983.93  320  19.9   51.9  3.7  4.6  4.6 0.2 0.2  
337 12 36 16.55 +62 13  11.2  5355.81  205   7.6   12.3  3.2  4.5  4.9 0.7 1.0  
338 12 36 17.32 +62 10  24.3  4378.80 1091   6.3   33.3  8.2  9.4  5.0 0.9 1.0  
339 12 36 17.33 +62 14  17.7  5788.86   74   8.9   28.7  8.2 11.4  4.5 0.9 1.2 340
340 12 36 17.39 +62 14  17.4  4309.79  204  12.7   49.5  9.4  9.9  5.0 0.6 0.7 339
341 12 36 17.52 +62 13  10.0  4778.04  298   9.3   12.8  2.8  4.1  3.8 0.6 0.8  
342 12 36 17.94 +62 14  58.1  4981.42  295   6.3   21.4 13.8 10.8  5.6 1.5 2.3  
343 12 36 19.44 +62 12  52.8  5489.55  355   8.5   15.3  3.7  4.0  5.0 0.8 0.8  
344 12 36 19.78 +62 12  29.8  5208.24  265   9.3   16.1  2.1  3.2  4.0 0.5 0.5  
345 12 36 20.00 +62 10  22.3  5421.39   79   6.3    7.5  2.4  2.6  3.3 0.8 1.3  
346 12 36 20.35 +62 10  33.6  5013.95  248  16.6   34.4  3.5  3.3  4.9 0.3 0.2  
347 12 36 20.79 +62 12  04.0  5430.04  359  11.0   21.8  4.0  3.6  4.2 0.5 0.6  
348 12 36 21.51 +62 12  27.0  5212.45  337  12.7   19.8  2.7  3.5  4.0 0.3 0.5  
349 12 36 22.19 +62 11  06.6  4753.43  242  10.2   19.3  4.0  3.6  5.2 0.6 0.4  
350 12 36 22.29 +62 12  42.3  5433.23  151   6.8   10.0  2.7  2.7  4.2 0.6 1.0  
351 12 36 23.05 +62 13  45.0  5530.63  352   6.0   33.7 12.1 13.8  7.1 1.4 1.5  
352 12 36 23.22 +62 11  26.1  5821.14   74   5.4    6.5  2.4  3.3  3.1 1.5 1.1  
353 12 36 24.36 +62 11  38.5  4585.74  261   8.8   13.4  3.2  2.7  3.2 0.5 0.7  
354 12 36 26.61 +62 12  52.2  5802.59  289   9.5   16.3  2.9  5.3  4.1 0.5 0.9  
355 12 36 27.46 +62 10  18.4  4670.42  224  18.7   54.7  4.6  4.7  5.5 0.2 0.3  
356 12 36 29.24 +62 11  53.4  5698.97  315   9.0   25.6  6.1  7.2  7.1 0.7 1.0  
357 12 36 30.34 +62 12  09.0  5429.19  294  11.9   16.8  2.4  3.2  3.8 0.4 0.4  
358 12 36 30.69 +62 14  34.4  5360.73  274   5.7    9.7  4.3  3.5  4.8 1.3 1.2  
359 12 36 30.96 +62 12  36.6  5429.68  301  25.8   35.7  2.9  2.4  3.8 0.2 0.2  
360 12 36 31.63 +62 11  38.7  4765.23  523   6.7   18.7  4.9  4.8  4.5 0.7 0.7  
361 12 36 31.72 +62 12  40.9  5694.90  273  11.2   24.4  2.7  2.9  5.5 0.5 0.4  
362 12 36 32.41 +62 10  37.7  5687.39  193   6.9   25.6  5.7  4.9  6.3 0.8 0.8 363
363 12 36 32.48 +62 10  36.9  4234.58  259  14.9   61.8  6.6  5.4  5.6 0.3 0.5 362
364 12 36 33.01 +62 11  34.7  5243.26   82   7.5   19.3  3.9  5.0  5.7 0.5 0.7 365,366,367
365 12 36 33.05 +62 11  34.5  5400.18   79  16.7   37.2  4.3  4.0  5.6 0.3 0.3 364,366,367
366 12 36 33.08 +62 11  33.3  4020.31  310  14.7   87.6  7.6  9.5  5.8 0.3 0.3 364,365,367
367 12 36 33.12 +62 11  34.7  5348.16   80   6.1   19.2  4.5  4.3  6.5 0.7 0.9 364,365,366
368 12 36 33.64 +62 11  56.7  5436.43  337  12.8   20.9  4.4  4.7  5.3 0.5 0.7  
369 12 36 34.35 +62 12  13.3  5430.82  565  34.9  106.7  4.2  4.5  5.6 0.2 0.2  
370 12 36 34.49 +62 12  53.7  5079.20  504   6.3   11.8  3.3  3.6  4.5 0.9 0.7  
371 12 36 35.34 +62 14  23.4  4660.93  957   6.0   13.9  5.5  4.1  3.7 1.4 1.1  
372 12 36 35.75 +62 12  05.7  4569.17  240   5.8   10.8  2.1  3.3  4.5 0.6 1.0  
373 12 36 35.93 +62 11  38.3  4755.83  159   5.9   19.2  4.1  4.7  5.9 0.7 1.0  
374 12 36 36.62 +62 11  35.6  5398.94   79  59.2  192.7  4.8  4.5  5.9 0.1 0.1 375,376,377,378,379
375 12 36 36.71 +62 11  35.3  4019.81  188  52.1  407.7  9.4  7.3  6.4 0.1 0.1 374,376,377,378,379
376 12 36 36.72 +62 11  35.2  5241.86   82  37.7  141.3  3.1  5.2  5.7 0.1 0.1 374,375,377,378,379
377 12 36 36.75 +62 11  34.8  5347.53  153  30.9  100.0  4.1  5.3  5.6 0.2 0.2 374,375,376,378,379
378 12 36 36.88 +62 11  33.9  4681.21   91  10.7   17.3  3.6  2.5  3.7 0.4 0.6 374,375,376,377,379
379 12 36 36.90 +62 11  33.7  4167.90 1266   9.8   95.3 12.8 14.5  4.6 0.4 0.4 374,375,376,377,378
380 12 36 37.43 +62 12  41.0  5436.16  330  26.7   46.4  2.6  2.8  4.4 0.2 0.3  
381 12 36 37.57 +62 12  41.0  5528.52   77   6.4    8.1  2.2  2.3  4.0 0.8 1.0  
382 12 36 38.36 +62 15  10.7  5449.15  162   6.1    7.0  2.7  4.2  4.4 1.2 1.6  
383 12 36 41.60 +62 11  31.4  4726.80   91   7.0   10.6  2.8  4.1  4.7 1.1 1.2 384,385,386,387
384 12 36 41.62 +62 11  32.2  5399.84   79  22.2   38.7  2.2  3.0  4.3 0.2 0.2 383,385,386,387
385 12 36 41.62 +62 11  32.1  5293.63   81  18.9   40.3  3.1  3.5  4.3 0.2 0.3 383,384,386,387
386 12 36 41.69 +62 11  31.7  4059.19  231  30.9  153.4  8.6  7.6  4.7 0.2 0.1 383,384,385,387
387 12 36 41.72 +62 11  33.5  5451.96   97  25.6   73.0  4.6  2.7  5.4 0.2 0.2 383,384,385,386
388 12 36 41.76 +62 12  05.4  5342.22  306   7.4   15.6  3.1  4.2  4.6 0.7 1.0  
389 12 36 41.77 +62 12  39.1  4362.38  658   7.9   21.5  3.6  4.3  4.0 0.5 0.8  
390 12 36 42.33 +62 15  18.1  5712.72  448   8.5   14.8  2.9  7.3  4.6 0.8 1.2  
391 12 36 42.51 +62 14  48.7  4812.62  631   6.3   28.0  6.8  6.5  6.0 0.8 1.1  
392 12 36 42.74 +62 12  16.7  5418.34  309  17.8   28.8  2.3  1.7  4.5 0.2 0.3  
393 12 36 43.04 +62 10  29.4  5777.46  388   6.7   14.5  3.7  5.2  5.0 0.9 1.3  
394 12 36 43.75 +62 13  57.1  4476.90  257  14.0   27.6  4.5  3.6  5.6 0.5 0.4  
395 12 36 43.86 +62 14 010.   3979.36  635   6.0   20.4  7.5 10.0  6.8 1.7 1.8  
396 12 36 44.06 +62 12  49.7  5799.52  323  31.8   71.7  4.0  2.8  6.0 0.2 0.1  
397 12 36 45.20 +62 13  27.7  5365.06  164   6.9   10.5  1.7  1.9  5.2 0.5 0.8  
398 12 36 45.21 +62 12  01.1  5423.82  162   6.1    4.5  1.3  2.4  4.2 1.2 1.8  
399 12 36 45.84 +62 13  27.3  4922.49  213   9.3   14.0  2.0  2.1  4.8 0.3 0.6  
400 12 36 46.37 +62 14  08.4  5651.77   76   7.2    5.9  2.0  1.7  2.5 1.4 1.0  
401 12 36 46.43 +62 14  45.8  3649.39 1118   7.9  103.2 13.1 20.9  6.8 0.7 0.7  
402 12 36 46.86 +62 12  27.4  4821.05  630   8.3   16.8  3.2  1.7  3.9 0.5 0.5  
403 12 36 47.06 +62 15  13.4  5079.54  161   6.3   10.2  2.5  1.9  5.2 0.7 0.8  
404 12 36 47.11 +62 12  36.6  4922.80  332  22.5   39.5  1.6  2.8  5.6 0.2 0.3  
405 12 36 47.13 +62 12  32.6  5304.54  353   7.0   13.0  2.6  2.3  6.4 0.9 0.9  
406 12 36 47.53 +62 15  14.3  5715.47  209   7.4   10.6  2.3  1.2  4.1 0.7 0.8  
407 12 36 47.95 +62 14  26.8  5535.68   77  25.4   43.6  1.9  1.9  4.7 0.1 0.2 408,409,411,412,413
408 12 36 48.03 +62 14  26.6  5646.82  122  12.9   22.6  2.1  1.9  5.0 0.3 0.4 407,409,411,412,413
409 12 36 48.07 +62 14  27.2  5701.44  133  36.2   67.3  2.7  2.7  4.8 0.1 0.1 407,408,411,412,413
410 12 36 48.10 +62 13  10.6  5496.03  534  16.1   49.3  4.5  4.6  6.9 0.4 0.3  
411 12 36 48.11 +62 14  26.3  4941.81   87   6.9    8.3  1.9  2.7  4.7 0.7 0.9 407,408,409,412,413
412 12 36 48.22 +62 14  26.1  4404.75  991   8.8   32.9  5.5  5.5  5.4 0.6 0.5 407,408,409,411,413
413 12 36 48.23 +62 14  26.7  4244.78  293  67.4  197.7  3.2  4.2  5.6 0.0 0.1 407,408,409,411,412
414 12 36 49.08 +62 15  12.6  5433.79  229   5.7    6.6  2.0  2.5  4.4 0.9 0.7  
415 12 36 49.38 +62 14  21.8  5308.51  476   7.2   12.0  2.6  3.2  4.8 0.7 0.8  
416 12 36 49.47 +62 13  13.9  5499.10  368  15.6   39.9  2.7  4.8  7.3 0.4 0.4  
417 12 36 49.59 +62 11  13.2  5498.60  354  16.5   22.7  2.7  2.1  3.4 0.3 0.3  
418 12 36 49.78 +62 13   0.98 5495.93  305   5.0    4.8  2.6  2.1  2.4 1.2 1.6  
419 12 36 50.04 +62 14  00.7  3932.55  476   7.7   24.4  5.1  3.3  5.3 0.6 0.6  
420 12 36 50.28 +62 10  55.8  4776.35  572   8.7   18.6  4.3  3.5  4.8 0.8 0.6  
421 12 36 50.37 +62 12  40.2  5494.78  312  13.8   23.0  1.9  3.1  4.5 0.3 0.4  
422 12 36 50.59 +62 10  58.5  5495.25  283  14.6   21.7  3.4  2.5  4.0 0.4 0.5  
423 12 36 50.88 +62 12  56.2  4924.96  332  19.2   21.9  1.9  2.1  4.2 0.3 0.3  
424 12 36 51.08 +62 10  31.5  5254.58  263   9.1   15.9  3.0  3.0  4.6 0.5 0.5  
425 12 36 51.18 +62 13  21.6  4475.10  246  43.5  103.2  3.1  4.0  5.9 0.1 0.1  
426 12 36 51.60 +62 15  11.1  5354.45  290   6.2    7.6  1.4  2.3  3.7 0.6 0.8  
427 12 36 51.62 +62 10  52.2  5657.71   76   5.8   10.2  2.6  3.3  5.1 0.7 1.0  
428 12 36 51.67 +62 15  16.3  5270.01  287   9.7   14.3  2.3  2.8  5.0 0.6 0.7  
429 12 36 51.78 +62 12  22.7  4845.76  247   7.9   12.4  2.4  2.0  5.5 0.6 0.7  
430 12 36 52.03 +62 11  25.9  5452.19   79   5.9    6.6  1.9  2.3  4.3 1.2 1.1  
431 12 36 52.15 +62 14  57.3  5059.60  207  13.7   16.7  2.2  1.3  4.4 0.5 0.4  
432 12 36 52.64 +62 10  36.0  4920.32  349  16.0   22.9  2.1  3.0  4.2 0.3 0.4  
433 12 36 52.66 +62 12  21.5  5219.72  556   5.6    8.4  2.4  2.3  4.1 0.9 0.8  
434 12 36 54.27 +62 13  36.0  3970.24  289   6.4   11.9  3.4  3.8  6.0 1.0 1.0  
435 12 36 54.72 +62 11  28.4  4672.32  359   8.1   15.1  2.8  2.6  5.1 0.5 0.5  
436 12 36 54.94 +62 13  42.5  4156.58  322   5.0    7.5  2.5  2.8  5.0 1.1 1.5  
437 12 36 56.40 +62 14  20.7  5532.37  189  11.8   14.1  2.3  1.7  4.0 0.3 0.4 438
438 12 36 56.50 +62 14  19.5  4119.36  199  12.5   30.4  4.1  4.2  5.5 0.4 0.3 437
439 12 36 56.87 +62 11  52.0  5760.95  232   6.5    8.4  2.6  3.0  4.2 0.9 1.2  
440 12 36 57.13 +62 12  27.1  5821.76  260   8.8    6.5  2.4  2.4  3.6 0.8 1.0  
441 12 36 57.49 +62 13  00.4  5494.75  327  22.8   38.9  2.1  2.7  4.6 0.2 0.2  
442 12 36 58.07 +62 13  01.8  4921.47  272  15.0   23.1  2.6  2.6  5.7 0.4 0.5  
443 12 36 58.64 +62 12  53.1  4920.97  253  11.6   24.2  4.0  3.6  7.3 0.5 0.7  
444 12 36 58.78 +62 14  38.7  5632.70  473   5.4    7.9  3.5  3.4  4.4 1.3 1.5  
445 12 36 59.27 +62 14  06.4  5449.82  112  21.9   48.9  2.4  2.7  6.2 0.2 0.2 446,448,449
446 12 36 59.29 +62 14  05.2  5291.05   81   8.0   17.2  3.2  3.1  6.3 0.8 0.8 445,448,449
447 12 36 59.37 +62 13  42.6  5016.05  318   5.8    7.2  1.2  2.1  4.4 0.9 0.9  
448 12 36 59.40 +62 14  05.5  5397.40  184   7.4   14.8  2.2  3.6  6.3 0.6 0.9 445,446,449
449 12 36 59.50 +62 14  04.9  4057.59  217  15.9   65.9  6.2  9.5  6.2 0.4 0.5 445,446,448
450 12 36 59.85 +62 14  05.9  5645.65  275   8.5    8.9  2.1  2.0  2.8 1.4 0.9  
451 12 37 00.31 +62 14  06.5  5303.80  409   6.6   11.3  2.9  3.7  5.1 0.9 1.0  
452 12 37 01.73 +62 13  22.8  5256.55  131   7.0   11.6  2.5  3.0  4.7 0.9 0.7  
453 12 37 01.94 +62 11  23.6  4386.82 1074   6.8   11.3  3.9  4.3  2.0 0.8 1.5 455,456,457,458
454 12 37 01.96 +62 13  49.4  5633.22  176   9.6   16.4  2.9  3.4  5.0 0.5 0.7  
455 12 37 02.05 +62 11  24.0  5631.72   76   9.3   15.1  2.4  2.1  5.6 0.5 0.5 453,456,457,458
456 12 37 02.08 +62 11  24.1  5686.34  144  19.9   30.5  2.3  2.8  5.0 0.2 0.2 453,455,457,458
457 12 37 02.09 +62 11  24.5  5521.00   78  16.6   26.7  3.7  2.8  5.4 0.4 0.3 453,455,456,458
458 12 37 02.14 +62 11  23.7  4233.33  235  44.5  114.3  4.2  2.7  5.4 0.1 0.1 453,455,456,457
459 12 37 03.92 +62 10  11.1  4925.27  280  13.9   30.4  3.1  3.3  3.7 0.2 0.4  
460 12 37 04.02 +62 14  42.5  5496.46  347  12.8   19.8  2.6  2.6  4.5 0.4 0.4  
461 12 37 04.17 +62 14  46.7  4977.89  479   9.2   13.5  3.0  4.4  4.2 0.7 0.8 462
462 12 37 04.49 +62 14  46.6  3905.67  546  12.4   78.9  7.9  8.8  6.4 0.4 0.5 461
463 12 37 04.55 +62 10  29.9  5256.63  334  14.7   29.2  3.4  2.3  4.1 0.2 0.2  
464 12 37 04.59 +62 14  29.5  5814.80  253   5.7    9.4  2.6  2.9  4.9 1.0 1.4  
465 12 37 05.21 +62 12  11.7  5169.47  259   8.1   15.6  3.5  2.8  6.0 0.7 0.8  
466 12 37 05.85 +62 15  03.1  5152.53  371  14.6   20.5  2.1  2.6  4.2 0.4 0.4  
467 12 37 07.53 +62 11  38.3  4622.35   93   6.0    9.4  2.7  3.9  4.8 0.9 1.1  
468 12 37 07.74 +62 11  39.4  5804.44  296  12.9   16.5  2.9  2.7  4.0 0.5 0.6  
469 12 37 08.19 +62 10  57.1  5302.28  389  34.5   70.3  3.3  3.6  5.2 0.2 0.2  
470 12 37 08.24 +62 14  55.0  5823.58  274  12.6   20.1  3.0  2.9  5.1 0.6 0.5  
471 12 37 08.76 +62 10  52.1  5258.97  287  14.6   24.7  2.1  3.7  5.0 0.3 0.6  
472 12 37 10.81 +62 10  50.2  5527.22  217   5.6    3.9  1.9  2.6  3.1 1.9 1.8  
473 12 37 10.93 +62 11  30.5  5497.45  478   5.9    7.5  2.5  3.5  3.5 1.2 1.1  
474 12 37 11.00 +62 11  40.9  3980.21  564   5.6   13.6  6.4  8.8  4.2 1.8 1.8  
475 12 37 11.50 +62 11  29.4  5256.73  427   5.6   11.2  2.9  3.3  4.0 0.7 0.6  
476 12 37 11.60 +62 10  21.1  5264.56  440  12.7   19.1  2.2  3.9  4.0 0.3 0.4  
477 12 37 11.68 +62 15  14.5  4840.35  303  38.1   70.8  2.7  2.7  5.1 0.2 0.1 478
478 12 37 11.69 +62 15  14.4  5023.20  334   6.2    7.2  2.1  3.8  4.1 0.8 1.0 477
479 12 37 13.52 +62 15  11.6  5677.75  295   8.3   15.5  4.5  4.3  5.2 1.0 0.7  
