ID z_fink z_bouw Hmag ra dec
z5_GNW_27194 5.39 5.36 24.60 189.523804 62.278839
z5_GNW_28218 5.44 5.56 24.16 189.503250 62.273884
z5_GNW_25408 5.30 5.24 25.86 189.457428 62.289562
z5_GND_36668 5.42 5.36 26.46 189.376678 62.197426
z5_GNW_32760 5.16 5.12 26.09 189.451263 62.241043
z5_GNW_30244 5.27 5.30 26.11 189.418915 62.259678
z5_GNW_30237 5.13 5.24 25.27 189.418411 62.259842
z5_GNW_29609 5.24 5.36 26.02 189.436447 62.265049
z5_GNW_28982 5.33 5.18 27.04 189.443680 62.269379
z5_GNW_28827 5.51 5.06 27.25 189.367249 62.270363
z5_GNW_28602 5.28 5.30 26.14 189.375870 62.271450
z5_GNW_26081 5.23 5.06 26.69 189.381042 62.285637
z5_GNW_25250 5.49 5.56 25.78 189.432602 62.290581
z5_GNW_24858 5.01 5.12 25.72 189.414474 62.293190
z5_GNW_24582 5.42 5.30 27.31 189.361115 62.294762
z5_GNW_24063 5.23 5.06 27.03 189.360260 62.297802
z5_GNW_23799 5.44 5.43 26.35 189.324554 62.299732
z5_GNW_23086 5.32 5.30 26.94 189.451691 62.304169
z5_GNW_20906 5.41 5.49 24.96 189.437683 62.318161
z5_GNW_22490 5.27 5.18 26.39 189.394882 62.308056
z5_GNW_21283 5.10 5.24 25.58 189.403549 62.315697
z5_GNW_22097 5.40 5.36 25.96 189.364624 62.310837
z5_GNW_22312 5.24 5.30 25.98 189.339706 62.309032
z5_GNW_21750 5.25 5.30 26.13 189.317093 62.313053
z5_GNW_23042 5.09 5.18 25.61 189.415009 62.333538
z5_GNW_23548 5.19 5.24 26.32 189.415771 62.334045
z6_GNW_20715 5.54 5.49 25.73 189.339859 62.319981
z5_GNW_21219 5.14 5.12 25.91 189.310135 62.330257
z5_GNW_28199 5.16 5.12 26.34 189.382797 62.337444
z5_GNW_28803 5.59 5.43 25.99 189.311783 62.337528
z5_GNW_18766 5.22 5.24 26.35 189.345215 62.362179
z5_GNW_2919 5.30 5.12 25.20 189.203491 62.122383
z5_GNW_3424 5.12 5.18 25.96 189.208527 62.126209
z5_GNW_3433 5.19 5.18 25.97 189.205490 62.126289
z5_GNW_4321 5.22 5.06 27.20 189.194138 62.132847
z5_GNW_7098 5.24 5.24 25.72 189.214188 62.149055
z5_GNW_5021 5.16 5.24 26.55 189.181732 62.137760
z6_GNW_8973 5.62 5.43 26.46 189.167801 62.160194
z5_GNW_9029 5.32 5.36 26.60 189.168854 62.160538
z5_GND_35084 5.17 5.30 26.15 189.278580 62.203220
z5_GNW_22583 5.17 5.12 25.94 189.298859 62.307564
z5_GNW_19038 5.15 5.12 24.94 189.290970 62.353146
z5_GNW_32117 5.18 5.36 25.91 189.257217 62.353569
z5_GNW_1503 5.23 5.18 25.50 189.139328 62.111233
z5_GNW_1663 5.23 5.24 26.54 189.147537 62.112507
z5_GNW_3328 5.05 5.18 27.31 189.132889 62.125340
z5_GNW_2438 5.43 5.30 26.34 189.106522 62.118481
z5_GNW_4337 5.20 5.30 26.06 189.073959 62.132893
z5_GNW_7248 5.11 5.12 26.30 189.089371 62.149796
z5_GNW_6540 5.38 5.30 26.25 189.023026 62.146069
z5_GNW_8402 5.35 5.30 26.59 189.132050 62.156620
z5_GNW_9155 5.19 5.18 27.11 189.044281 62.161171
z5_GNW_9175 5.19 5.12 26.70 189.054169 62.161289
z5_GNW_9696 5.27 5.30 26.12 189.031815 62.164223
z5_GNW_10657 5.12 5.06 26.00 189.130219 62.170780
z5_GNW_10304 5.17 5.12 25.68 189.112167 62.168396
z5_GNW_11014 5.34 5.30 26.11 189.073074 62.172878
z5_GNW_11120 5.27 5.30 25.64 189.050674 62.173576
z5_GNW_11226 5.47 5.36 26.92 189.048050 62.174236
z5_GNW_11701 5.07 5.18 26.37 189.055405 62.177502
z5_GNW_13381 5.24 5.24 25.96 189.104095 62.188435
z5_GNW_13431 5.37 5.43 25.82 189.105881 62.188835
z5_GNW_12482 5.33 5.30 25.95 189.079254 62.182869
z5_GNW_13254 5.24 5.24 24.82 189.039703 62.187725
z5_GND_20529 5.34 5.30 26.47 189.125778 62.245922
z5_GND_45250 5.39 5.36 26.24 189.064270 62.274292
z5_GND_45184 5.39 5.62 27.51 189.062866 62.276150
z6_GNW_10897 5.51 5.43 26.08 188.976089 62.171894
z5_GNW_11071 5.02 5.12 26.39 188.972427 62.173115
z5_GNW_13514 5.22 5.18 26.13 188.967331 62.189121
z6_GNW_14534 5.60 5.49 26.04 188.985962 62.195339
z5_GNW_16472 5.13 5.06 26.68 188.951706 62.211136
z5_GND_3481 5.13 5.12 27.00 189.329285 62.176426
z5_GND_37205 5.39 5.30 26.76 189.355759 62.195465
z5_GND_39362 5.28 5.30 27.54 189.319550 62.187557
z5_GND_36876 5.07 5.12 27.01 189.320007 62.196701
z5_GND_30288 5.17 5.12 26.80 189.425446 62.217979
z6_GND_30340 5.51 5.18 26.94 189.388916 62.217834
z5_GND_32413 5.27 5.24 26.61 189.357834 62.211445
z5_GND_33208 5.10 5.06 27.73 189.307465 62.209076
z5_GND_32576 5.26 5.24 25.18 189.305771 62.210899
z5_GND_29662 5.20 5.49 27.90 189.316406 62.219872
z5_GND_28819 5.13 5.30 26.51 189.365326 62.222359
z5_GND_28426 5.22 5.12 26.00 189.322235 62.223690
z5_GND_28421 5.29 5.69 26.82 189.321533 62.223774
z5_GND_25573 5.09 5.24 26.93 189.328232 62.231686
z5_GND_25091 5.22 5.30 27.36 189.338287 62.233139
z5_GND_24948 5.43 5.49 25.19 189.320312 62.233444
z5_GND_28981 5.42 5.56 25.95 189.310776 62.221935
z5_GND_18617 5.38 5.49 24.71 189.353439 62.250774
z5_GND_20890 5.26 5.18 26.61 189.340775 62.244846
z5_GND_23860 5.29 5.30 25.23 189.314392 62.236462
z5_GND_19218 5.13 5.18 27.20 189.306992 62.249779
z5_GND_16389 5.25 5.18 26.38 189.360291 62.257557
z5_GND_15025 5.49 5.43 26.73 189.324448 62.261330
z5_GND_13471 5.65 5.36 27.43 189.337601 62.265736
z6_GND_13524 5.65 5.12 26.03 189.337402 62.266106
z5_GND_15899 5.22 5.43 26.73 189.309113 62.258888
z5_GND_14131 5.41 5.36 26.04 189.315414 62.263824
z5_GND_14554 5.51 5.49 26.82 189.332275 62.267471
z5_GND_12472 5.25 5.24 27.11 189.327454 62.268848
z5_GND_11088 5.10 5.06 25.62 189.315125 62.273216
z5_GND_993 5.17 5.43 27.18 189.283447 62.155670
z5_GND_908 5.30 5.24 26.75 189.245544 62.154888
z5_GND_1447 5.04 5.24 27.48 189.252533 62.160896
z5_GND_2126 5.32 5.36 27.12 189.247681 62.167103
z5_GND_2126 5.32 5.30 25.88 189.247681 62.167103
z5_GND_1303 5.15 5.36 26.18 189.238403 62.159389
z5_GND_1415 5.26 5.49 26.76 189.234848 62.160557
z5_GND_1442 5.30 5.49 27.58 189.233444 62.160805
z5_GNW_9541 5.19 5.24 25.46 189.165833 62.163639
z5_GND_3052 5.08 5.18 25.81 189.288742 62.173836
z5_GND_3651 5.46 5.62 26.33 189.303589 62.177364
z5_GND_2774 5.23 5.49 25.88 189.245148 62.172050
z5_GND_4070 5.43 5.18 26.24 189.255096 62.179371
z5_GND_2210 5.10 5.36 27.32 189.220413 62.167744
z5_GND_40858 5.07 5.43 27.89 189.202209 62.181614
z5_GND_40815 5.33 5.24 26.74 189.194717 62.181686
z5_GND_39799 5.07 5.24 26.35 189.299850 62.185833
z5_GND_38172 5.27 5.36 25.46 189.303299 62.192223
z5_GND_37089 5.16 5.18 27.59 189.277756 62.195721
z5_GND_39516 5.33 5.30 26.98 189.250916 62.187057
z5_GND_39309 5.02 5.18 25.90 189.238617 62.187653
z5_GND_38076 5.15 5.30 25.91 189.259857 62.192493
z6_GND_38075 5.53 5.18 27.15 189.260315 62.192558
z5_GND_37378 5.33 5.18 26.74 189.261703 62.194908
z5_GND_39635 5.31 5.36 25.56 189.215805 62.186470
z5_GND_39609 5.07 5.43 27.56 189.210846 62.186630
z5_GND_40581 5.07 5.24 27.37 189.179810 62.182751
z5_GND_40117 5.23 5.30 25.90 189.177521 62.184551
z5_GND_39570 5.33 5.49 25.06 189.175720 62.186714
z5_GND_39523 5.17 5.36 26.36 189.186615 62.187000
z5_GND_39445 5.03 5.06 26.94 189.178650 62.187237
z5_GND_39164 5.17 5.06 27.64 189.176178 62.188309
z5_GND_35551 5.11 5.43 27.34 189.283676 62.201584
z5_GND_35187 5.17 5.18 26.98 189.292587 62.202457
z5_GND_35187 5.17 5.24 27.77 189.292587 62.202457
z5_GND_35096 5.47 5.49 24.72 189.283508 62.203049
z5_GND_35084 5.17 5.30 26.12 189.278580 62.203220
z5_GND_34362 5.36 5.36 27.07 189.261108 62.203945
z6_GND_34991 6.22 5.49 27.80 189.173401 62.203568
z5_GND_30804 5.37 5.18 27.10 189.291733 62.216358
z5_GND_34379 5.43 5.49 24.00 189.249405 62.205284
z5_GND_33620 5.22 5.06 27.89 189.265457 62.207706
z5_GND_33500 5.50 5.56 25.57 189.261383 62.208023
z5_GND_33414 5.57 5.43 27.74 189.255936 62.208385
z5_GND_33094 5.35 5.30 25.13 189.266449 62.209164
z5_GND_32646 5.45 5.49 27.35 189.244049 62.212265
z5_GND_30291 5.44 5.43 27.50 189.240143 62.218090
z5_GND_31569 5.49 5.43 25.57 189.207809 62.213249
z5_GND_30952 5.53 5.36 27.22 189.227539 62.215889
z5_GND_30740 5.27 5.12 26.74 189.221237 62.216541
z5_GND_34594 5.49 5.24 24.39 189.202988 62.204651
z5_GND_31781 5.22 5.18 27.39 189.173172 62.213188
z5_GND_26806 5.13 5.24 25.28 189.273712 62.228466
z5_GND_27870 5.40 5.30 25.49 189.263809 62.225407
z5_GND_24915 5.41 5.30 27.72 189.242813 62.233746
z5_GND_24504 5.03 5.30 27.53 189.269714 62.234455
z5_GND_28944 5.33 5.36 26.32 189.225967 62.222118
z5_GND_23238 5.31 5.76 26.78 189.272186 62.238361
z5_GND_22869 5.46 5.43 25.65 189.273712 62.239220
z5_GND_23181 5.10 5.06 27.52 189.242538 62.238541
z5_GND_19458 5.06 5.30 27.26 189.263565 62.249146
z5_GND_18697 5.45 5.56 25.84 189.302582 62.251148
z5_GND_16018 5.20 5.06 26.88 189.291290 62.258629
z5_GND_15601 5.09 5.24 26.23 189.296097 62.259697
z5_GND_15356 5.22 5.62 25.74 189.282211 62.260399
z5_GND_15151 5.20 5.18 27.24 189.254135 62.261086
z5_GND_14542 5.03 5.06 27.21 189.256897 62.262691
z5_GND_15422 5.16 5.18 27.81 189.227661 62.260273
z5_GND_15712 5.17 5.06 26.50 189.200607 62.259445
z5_GND_13065 5.29 5.12 28.17 189.275375 62.266991
z5_GND_12387 5.25 5.36 27.39 189.277649 62.269089
z5_GND_12659 5.35 5.36 26.15 189.260620 62.268284
z5_GND_12430 5.38 5.24 27.41 189.266220 62.269001
z5_GND_11789 5.04 5.18 25.92 189.243515 62.270794
z5_GND_12705 5.23 5.36 25.64 189.218094 62.268093
z5_GND_11521 5.16 5.30 25.44 189.217407 62.271622
z5_GND_12062 5.27 5.18 26.46 189.188843 62.269917
z5_GND_12796 5.35 5.43 27.35 189.167038 62.267803
z5_GND_10047 5.50 5.56 25.48 189.296280 62.277386
z5_GND_9333 5.51 5.43 26.32 189.277710 62.280643
z5_GND_9255 5.39 5.06 27.49 189.239105 62.281002
z5_GND_44604 5.03 5.56 26.98 189.263397 62.285717
z5_GND_45128 5.30 5.24 27.59 189.238235 62.277245
z5_GND_44836 5.29 5.43 26.04 189.180756 62.282238
z5_GND_8641 5.19 5.18 26.06 189.196930 62.284508
z5_GND_10768 5.07 5.56 26.42 189.172516 62.274570
z5_GND_10054 5.40 5.43 25.08 189.169846 62.277298
z5_GND_9914 5.14 5.24 27.69 189.172379 62.277752
z5_GND_44411 5.41 5.30 26.95 189.159821 62.287952
z5_GND_43555 5.23 5.24 27.65 189.187912 62.297195
z5_GND_7157 5.38 5.24 26.78 189.204910 62.298958
z5_GND_6005 5.20 5.24 26.55 189.215530 62.318878
z5_GND_42189 5.32 5.24 25.89 189.165497 62.306877
z5_GND_4732 5.06 5.30 26.24 189.179245 62.329845
z5_GND_32925 5.36 5.43 26.23 189.156342 62.210011
z5_GND_32711 5.01 5.06 27.00 189.121506 62.210651
z5_GND_32295 5.34 5.49 25.69 189.117996 62.211357
z5_GND_29527 5.13 5.24 25.58 189.100662 62.220226
z5_GND_29491 5.18 5.18 26.83 189.104431 62.220345
z5_GND_28795 5.23 5.36 25.41 189.149551 62.221996
z5_GND_28649 5.49 5.30 27.40 189.140549 62.223026
z5_GND_27871 5.27 5.30 25.44 189.135422 62.225361
z5_GND_27366 5.37 5.30 26.41 189.132629 62.226734
z5_GND_26652 5.08 5.49 26.90 189.127609 62.228935
z5_GND_26558 5.22 5.30 25.55 189.125916 62.229160
z5_GND_25578 5.13 5.30 25.98 189.149429 62.231865
z5_GND_25053 5.34 5.30 26.57 189.151260 62.233215
z5_GND_28693 5.23 5.36 26.87 189.106339 62.222816
z5_GND_28011 5.23 5.24 27.26 189.119797 62.224995
z5_GND_27819 5.40 5.43 25.83 189.110336 62.225437
z5_GND_27023 5.29 5.24 25.98 189.113434 62.227650
z5_GND_25015 5.16 5.18 27.75 189.096848 62.233330
z5_GND_24236 5.27 5.06 27.85 189.117950 62.235527
z5_GND_23616 5.47 5.24 26.56 189.126144 62.237171
z5_GND_23450 5.50 5.36 26.43 189.139206 62.237736
z5_GND_20529 5.34 5.24 26.43 189.125778 62.245922
z5_GND_23926 5.33 5.30 25.79 189.119080 62.236248
z5_GND_23098 5.46 5.43 26.12 189.119629 62.238552
z5_GND_23097 5.29 5.49 26.50 189.120056 62.238659
z5_GND_22822 5.35 5.43 25.45 189.094940 62.239460
z5_GND_22596 5.24 5.36 27.11 189.100861 62.240181
z5_GND_21873 5.34 5.30 26.62 189.124161 62.242218
z5_GND_21520 5.53 5.43 27.51 189.091965 62.243145
z5_GND_21641 5.31 5.30 26.78 189.117630 62.244312
z5_GND_23632 5.32 5.30 27.04 189.083908 62.237129
z5_GND_21153 5.47 5.49 25.43 189.049622 62.244038
z5_GND_15270 5.37 5.43 27.19 189.137222 62.260639
z5_GND_13973 5.47 5.43 26.36 189.145691 62.264256
z5_GND_13494 5.32 5.43 26.85 189.147812 62.265678
z5_GND_17105 5.27 5.49 26.72 189.118622 62.255566
z5_GND_14761 5.04 5.12 26.62 189.100067 62.262043
z5_GND_16723 5.32 5.56 26.31 189.060165 62.256508
z5_GND_16704 5.25 5.24 27.43 189.029144 62.256638
z5_GND_12432 5.20 5.24 27.06 189.068817 62.268879
z5_GND_10084 5.12 5.36 25.81 189.140717 62.277237
z5_GND_44555 5.51 5.43 27.06 189.117447 62.285877
z5_GND_45273 5.04 5.24 26.52 189.077911 62.273827
z5_GND_42864 5.42 5.43 27.59 189.121704 62.302738
z5_GND_42576 5.29 5.36 26.88 189.143311 62.304779
z5_GNW_25352 5.30 5.82 26.42 189.407257 62.290123
z5_GNW_23294 5.41 5.82 27.13 189.308411 62.303028
z6_GNW_21823 5.72 5.49 26.67 189.355591 62.312592
z5_GNW_5622 5.44 5.69 26.08 189.080841 62.141083
z6_GNW_9770 5.97 5.12 26.01 189.117615 62.164848
z5_GND_17752 5.46 5.49 26.88 189.091812 62.253738
z5_GNW_11950 5.20 5.49 26.80 188.967667 62.179089
z5_GNW_17036 5.47 5.62 27.03 189.001556 62.216759
z5_GNW_17295 5.47 6.03 25.98 188.985779 62.220367
z5_GNW_17522 5.49 5.43 27.02 189.000061 62.223839
z6_GND_2041 5.65 5.49 27.01 189.310562 62.166309
z6_GND_40374 5.78 5.49 26.89 189.317230 62.183056
z5_GND_37006 5.39 5.56 26.82 189.365982 62.196171
z6_GND_38003 5.66 5.36 27.15 189.351807 62.192741
z5_GND_33674 5.35 5.43 27.26 189.403564 62.207455
z5_GND_27779 5.41 5.56 27.60 189.398407 62.228722
z6_GND_19744 5.80 5.12 26.02 189.333466 62.248184
z5_GND_15083 5.47 5.43 27.36 189.328232 62.261211
z5_GND_15486 5.48 5.56 26.08 189.313858 62.259865
z5_GND_464 5.45 5.76 26.48 189.270706 62.148418
z5_GND_39798 5.07 5.43 28.16 189.299591 62.185871
z5_GND_37906 5.16 5.43 27.19 189.263519 62.193096
z5_GND_36794 5.25 5.69 27.73 189.221268 62.197052
z5_GND_33357 5.20 5.43 27.19 189.275726 62.208557
z5_GND_33844 5.43 5.43 27.34 189.254288 62.207706
z5_GND_29394 5.43 5.49 27.17 189.183517 62.220627
z5_GND_28158 5.33 5.30 26.62 189.189255 62.224251
z5_GND_22589 5.47 5.62 27.11 189.256607 62.240318
z5_GND_19515 5.48 5.56 26.38 189.224777 62.248867
z6_GND_18410 5.67 5.49 27.40 189.289429 62.252029
z6_GND_16205 5.50 5.36 27.85 189.281204 62.258125
z5_GND_12904 5.41 5.49 27.78 189.195068 62.267513
z6_GND_44138 6.09 5.49 26.74 189.256210 62.291264
z5_GND_7334 5.55 5.49 26.21 189.173019 62.296448
z5_GND_42437 5.32 5.56 27.50 189.172195 62.305618
z6_GND_41772 5.72 5.43 27.29 189.161087 62.309929
z5_GND_5232 5.31 5.12 27.68 189.211029 62.325092
z6_GND_24250 6.02 5.49 27.01 189.141068 62.234951
z5_GND_28891 5.32 5.43 26.37 189.116974 62.222080
z5_GND_22796 5.17 5.62 25.87 189.088608 62.239491
z5_GND_16761 5.54 5.30 27.89 189.133118 62.256535
z6_GND_15034 5.58 5.49 27.24 189.121994 62.261303
z5_GND_17752 5.46 5.43 26.93 189.091812 62.253738
z5_GND_11013 5.47 5.49 26.60 189.157440 62.273609
z7_GND_9308 7.60 6.03 27.75 189.151688 62.280800
z5_GND_11014 5.34 5.69 27.64 189.123032 62.273594
z6_GND_42241 5.54 5.49 27.24 189.136017 62.307053
z8_GNW_25541 7.56 7.24 26.91 189.513046 62.288696
z7_GNW_23317 7.24 7.16 26.48 189.439667 62.302383
z8_GNW_20826 7.97 7.58 25.66 189.401169 62.319225
z8_GNW_27475 7.84 7.75 26.79 189.373810 62.336391
z7_GNW_19517 7.37 7.16 26.80 189.325821 62.334698
z7_GNW_18773 7.37 7.58 25.98 189.309174 62.362141
z7_GNW_21903 7.12 6.92 26.48 189.290756 62.311100
z7_GNW_19939 7.24 7.08 25.82 189.273392 62.324783
z8_GNW_19912 7.95 7.16 26.54 189.252716 62.328400
z7_GNW_32502 7.39 7.08 26.02 189.285812 62.354965
z7_GNW_32653 7.09 7.08 26.22 189.278732 62.357452
z8_GNW_2963 7.63 7.33 27.15 189.092239 62.122368
z7_GNW_7284 6.91 7.08 26.34 189.036041 62.149914
z7_GND_9252 7.21 7.16 26.29 189.069672 62.281013
z7_GND_40057 7.28 6.92 26.33 189.339462 62.184780
z7_GND_38200 7.55 6.77 26.24 189.359146 62.192123
z8_GND_32588 7.63 7.58 27.27 189.325317 62.210953
z7_GND_18323 7.33 6.77 26.00 189.371399 62.252140
z8_GND_41247 7.67 6.92 27.04 189.279510 62.179752
z7_GND_41199 7.17 6.92 27.25 189.185516 62.179821
z7_GND_39781 7.00 6.92 27.18 189.251724 62.185944
z8_GND_22233 7.65 7.00 25.98 189.249802 62.241226
z7_GND_20700 7.37 6.92 27.22 189.205246 62.245541
z5_GND_20169 5.39 6.84 26.95 189.204132 62.247089
z7_GND_19215 7.23 7.16 27.45 189.199692 62.249809
z7_GND_18869 7.15 6.84 26.61 189.205292 62.250767
z7_GND_15396 7.11 6.46 26.57 189.275909 62.260303
z7_GND_18228 7.08 7.33 27.42 189.245270 62.252533
z7_GND_13456 7.22 7.16 26.26 189.264938 62.265789
z8_GND_16153 7.69 6.92 27.62 189.162552 62.258240
z7_GND_11368 7.44 7.00 27.10 189.283722 62.272243
z7_GND_11402 7.12 7.16 25.30 189.186172 62.270863
z7_GND_9908 7.12 6.92 27.50 189.286926 62.277763
z7_GND_8888 7.25 7.24 27.75 189.261658 62.283272
z7_GND_10527 7.02 6.77 27.18 189.202606 62.275509
z7_GND_10402 7.00 6.84 25.94 189.179276 62.275894
z7_GND_44826 7.09 7.08 27.70 189.179764 62.282383
z7_GND_8192 6.75 7.08 27.13 189.183365 62.287727
z7_GND_44859 7.14 6.54 27.27 189.163269 62.281876
z7_GND_8012 7.31 7.49 26.75 189.260422 62.289406
z7_GND_7831 7.33 7.24 26.44 189.177307 62.291050
z7_GND_44109 7.43 7.41 26.00 189.177155 62.291512
z7_GND_6161 7.14 7.00 26.63 189.215073 62.317932
z7_GND_41546 7.47 6.39 26.77 189.159698 62.310566
z7_GND_4786 7.57 7.33 27.07 189.191559 62.329220
z8_GND_25328 7.88 7.41 27.89 189.127716 62.232597
z7_GND_20984 7.12 7.00 27.03 189.133713 62.244598
z8_GND_23069 7.78 6.84 28.34 189.109497 62.238792
z8_GND_23069 7.78 7.41 26.94 189.109497 62.238792
z5_GND_17585 5.43 5.62 27.77 189.148361 62.253647
z7_GND_14124 7.16 7.08 27.77 189.135635 62.263874
z7_GND_18181 7.00 6.84 25.54 189.082687 62.252476
z7_GND_10780 7.21 7.08 26.96 189.138077 62.274445
z7_GND_45190 7.44 7.33 26.53 189.138504 62.275600
z7_GND_44088 7.20 7.08 27.08 189.134995 62.291870
z7_GND_42108 7.00 6.92 26.13 189.134430 62.307869
z8_GNW_27475 7.84 8.02 26.85 189.373810 62.336391
z8_GNW_30497 7.84 7.93 26.75 189.353027 62.347015
z8_GNW_5376 7.70 7.84 26.33 189.191101 62.139683
z8_GNW_6106 8.05 7.24 27.11 189.203110 62.143940
z8_GNW_21001 7.90 7.84 26.41 189.286987 62.318020
z7_GNW_21025 7.15 6.39 27.04 189.283081 62.318039
z8_GNW_2963 7.63 7.33 27.08 189.092239 62.122368
z8_GNW_13554 7.47 7.41 26.72 189.039001 62.189419
z7_GNW_15559 7.41 8.02 26.25 189.083511 62.202583
z8_GND_37387 8.07 8.11 27.14 189.330704 62.194847
z7_GND_34204 7.28 7.93 27.02 189.359695 62.205971
z8_GND_32082 7.64 7.49 27.27 189.364258 62.212334
z8_GND_32588 7.63 7.66 27.21 189.325317 62.210953
z6_GND_19416 6.05 8.20 27.79 189.318161 62.249264
z7_GND_15330 7.09 7.66 27.10 189.310867 62.260448
z8_GND_41247 7.67 7.08 26.94 189.279510 62.179752
z7_GND_3509 6.94 7.41 27.77 189.227768 62.176628
z8_GND_35384 7.60 7.49 26.59 189.231995 62.202343
z8_GND_21784 7.80 7.66 26.37 189.203125 62.242485
z7_GND_18228 7.08 7.49 27.47 189.245270 62.252533
z7_GND_13456 7.22 7.24 26.37 189.264938 62.265789
z8_GND_16634 7.96 7.33 27.77 189.197739 62.256969
z8_GND_9408 7.98 8.02 27.39 189.300110 62.280357
z7_GND_8888 7.25 7.24 27.83 189.261658 62.283272
z8_GND_8052 8.10 7.84 26.19 189.270020 62.288559
z7_GND_44826 7.09 7.75 27.21 189.179764 62.282383
z7_GND_9034 7.39 7.58 27.89 189.195694 62.282425
z7_GND_8012 7.31 7.49 26.66 189.260422 62.289406
z8_GND_42641 8.10 7.41 27.31 189.226212 62.304413
z8_GND_25328 7.88 7.93 27.76 189.127716 62.232597
z7_GND_20984 7.12 7.16 26.94 189.133713 62.244598
z8_GND_45101 8.10 7.84 27.56 189.121094 62.277802
z7_GND_44524 7.48 7.41 27.44 189.121201 62.286392
