ID Ra DEC MUV dMUV z EWLya dEWLya DV dDV fesc dfesc fescA dfescA
MUSE-102049176    53.074469  -27.820237  -18.05   0.10  5.1024  395   60  179   110 0.760   0.393  0.580   0.300
MUSE-107041159    53.087996  -27.813147  -19.25   0.04  5.3161  333   22  73   19   0.847   0.172  0.647   0.131
MUSE-116039142    53.131702  -27.847032  -19.52   0.06  5.3253  151   13  85   30   0.829   0.211  0.633   0.161
MUSE-117039091    53.156207  -27.836079  -18.68   0.09  5.7675  248   32  115   35  0.678   0.168  0.518   0.128
MUSE-118034094    53.175266  -27.841127  -19.63   0.08  5.2964  199   20  86   17   0.783   0.172  0.598   0.131
MUSE-119036075    53.188854  -27.833476  -18.39   0.27  5.3345  154   43  251   17  0.413   0.120  0.315   0.092
MUSE-119039078    53.177428  -27.830966  -18.21   0.07  5.6132  237   29  77   58   0.494   0.185  0.377   0.141
MUSE-119040079    53.191824  -27.824896  -19.88   0.04  5.7880  100   11  261   31  0.383   0.082  0.292   0.063
MUSE-122002035    53.119796  -27.831269  -17.96   0.32  5.3180  302   94  163   53  1.470   0.997  1.122   0.761
MUSE-123027133    53.144620  -27.831002  -18.34   0.08  5.8024  298   35  79   37   0.766   0.345  0.584   0.263
MUSE-124033068    53.165978  -27.823859  -18.73   0.06  5.0475  240   25  119   28  0.778   0.234  0.594   0.178
MUSE-125051124    53.188380  -27.819461  -20.11   0.02  5.5815  93   21   310   52  0.309   0.092  0.236   0.070
MUSE-125052125    53.173472  -27.825016  -17.94   0.06  5.6134  232   63  140   49  0.598   0.353  0.457   0.270
MUSE-128044246    53.121016  -27.815916  -18.33   0.09  4.9347  326   63  60   70   1.086   0.664  0.828   0.507
MUSE-128045247    53.119796  -27.821988  -19.32   0.06  4.9666  166   28  193   51  1.387   0.448  1.059   0.342
MUSE-130033059    53.102725  -27.792042  -19.02   0.15  5.1138  113   30  326   17  0.253   0.072  0.193   0.055
MUSE-131016106    53.104145  -27.783718  -19.28   0.09  6.0641  197   41  273   41  0.998   0.489  0.762   0.373
MUSE-134036056    53.131273  -27.806806  -19.72   0.03  5.1251  162   20  113   26  0.935   0.219  0.713   0.167
MUSE-134037057    53.132663  -27.798961  -18.40   0.11  5.1302  533   77  201   26  0.599   0.123  0.457   0.094
MUSE-135049239    53.124788  -27.784118  -19.05   0.08  5.7854  223   30  147   25  0.511   0.149  0.390   0.114
MUSE-136041192    53.115275  -27.772786  -18.49   0.16  5.0806  246   50  234   24  0.293   0.073  0.224   0.056
MUSE-136044198    53.123258  -27.771197  -19.17   0.11  5.2338  270   40  111   30  0.518   0.093  0.395   0.071
MUSE-139047301    53.142900  -27.758885  -18.14   0.06  4.9374  153   32  177   46  0.486   0.298  0.371   0.227
MUSE-140047114    53.134580  -27.756489  -20.16   0.06  5.4481  108   15  135   16  0.539   0.099  0.411   0.076
MUSE-68           53.171196  -27.778448  -19.86   0.04  4.9397  158   5   258   96  0.692   0.332  0.528   0.254
MUSE-313          53.170944  -27.782429  -17.68   0.17  5.1382  140   22  186   34  0.323   0.199  0.247   0.152
MUSE-417          53.157867  -27.779982  -18.01   0.07  5.1321  43   3    156   63  0.118   0.056  0.090   0.042
MUSE-547          53.160609  -27.771537  -18.42   0.09  5.9775  111   10  236   77  0.289   0.085  0.221   0.065
MUSE-1478         53.153168  -27.766165  -20.14   0.04  4.9304  23   1    263   66  0.096   0.035  0.073   0.027
MUSE-1670 53.166702 −27.804155 −21.30   0.01 5.8325 29   1 470   15 0.079   0.007 0.061   0.005
MUSE-2069 53.151096 −27.782923 −19.39   0.03 5.2678 31   3 249   21 0.165   0.047 0.126   0.036
MUSE-2071 53.146133 −27.777782 −18.84   0.05 4.9304 30   3 263   203 0.102   0.209 0.078   0.159
MUSE-2168 53.135960 −27.798378 −18.95   0.04 5.7811 159   7 186   26 0.263   0.066 0.201   0.050
MUSE-2296 53.168419 −27.804079 −18.64   0.08 4.9500 49   6 227   27 0.233   0.095 0.178   0.072
MUSE-2302 53.180447 −27.770603 −17.73   0.08 5.0333 89   11 318   90 0.152   0.082 0.116   0.063
MUSE-2307 53.183330 −27.795965 −17.86   0.06 4.9489 263   17 161   30 0.373   0.136 0.285   0.104
MUSE-2350 53.156380 −27.809574 −18.16   0.05 5.0488 227   13 119   20 0.595   0.169 0.454   0.129
MUSE-2449 53.164741 −27.769613 −18.71   0.13 5.2709 39   8 62   39 0.231   0.117 0.176   0.089
MUSE-2481 53.149803 −27.810652 −18.76   0.05 5.0323 23   4 219   108 0.111   0.067 0.085   0.051
MUSE-2502 53.158028 −27.817951 −19.24   0.04 5.6411 51   3 330   20 0.178   0.039 0.136   0.029
MUSE-2873 53.172489 −27.764322 −17.93   0.09 5.0508 98   10 188   40 0.258   0.114 0.197   0.087
MUSE-2964 53.149456 −27.809727 −17.85   0.06 5.0591 68   10 253   45 0.416   0.306 0.318   0.233
MUSE-3090 53.155037 −27.762585 −18.16   0.10 5.1362 28   5 235   46 0.155   0.085 0.118   0.065
MUSE-3093 53.139675 −27.796425 −17.69   0.08 5.0518 85   8 154   35 0.161   0.081 0.123   0.062
MUSE-3203 53.176548 −27.771025 −18.79   0.05 5.8921 184   11 91   43 0.610   0.274 0.465   0.209
MUSE-3238 53.175571 −27.795835 −18.12   0.16 5.6185 158   25 136   41 0.234   0.091 0.179   0.069
MUSE-4405 53.170544 −27.812431 −18.77   0.08 5.8376 55   7 285   49 0.133   0.060 0.102   0.046
MUSE-6231 53.178307 −27.800921 −18.96   0.04 6.3313 66   12 360   49 0.147   0.081 0.112   0.062
MUSE-6294 53.166091 −27.785667 −19.56   0.11 5.4715 38   4 130   10 0.088   0.013 0.067   0.010
MUSE-6462 53.164040 −27.799646 −20.23   0.04 5.4530 23   1 335   16 0.061   0.009 0.046   0.007
MUSE-7125 53.128100 −27.789826 −19.31   0.06 5.0313 12   2 295   62 0.082   0.038 0.063   0.029
MUSE-7205 53.162998 −27.760258 −17.86   0.10 4.9222 58   8 147   138 0.075   0.056 0.057   0.043
MUSE-7225 53.161663 −27.763103 −18.81   0.03 5.5589 63   5 215   23 0.192   0.054 0.147   0.041
MUSE-7319 53.186211 −27.787121 −17.93   0.15 5.1444 68   14 210   60 0.249   0.268 0.190   0.204
MUSE-7337 53.169041 −27.787611 −17.93   0.08 5.4715 47   5 222   111 0.038   0.017 0.029   0.013
MUSE-7605 53.165718 −27.784885 −18.09   0.08 5.4725 230   17 278   83 0.392   0.160 0.299   0.122
MUSE-7922 53.180718 −27.776484 −17.19   0.52 5.3851 109   56 216   40 0.303   0.159 0.231   0.121
MUSE-7934 53.146606 −27.786125 −19.77   0.03 5.5270 16   1 133   55 0.111   0.048 0.085   0.037
MUSE-7984 53.179279 −27.773256 −18.88   0.03 6.1071 42   7 232   26 0.090   0.031 0.069   0.024
MUSE-8124 53.156754 −27.809155 −19.54   0.04 5.5887 50   3 100   45 0.503   0.241 0.384   0.184
DEIMOS-43_7167 189.085312 62.212612 −19.66   0.08 4.9196 92   7 238   54 0.232   0.045 0.177   0.034
DEIMOS-42_11827 189.143036 62.166759 −18.49   0.18 4.9265 190   32 250   64 0.170   0.045 0.130   0.034
DEIMOS-23_31399 189.362015 62.249187 −19.60   0.10 5.0503 32   4 429   63 0.228   0.127 0.174   0.097
DEIMOS-25458..0 189.272995 62.267040 −18.43   0.23 5.2012 212   46 160   52 0.378   0.094 0.289   0.071
DEIMOS-25824..0 189.301392 62.268780 −20.69   0.06 5.2393 10   2 725   56 0.149   0.052 0.114   0.040
DEIMOS-11505..0 189.265076 62.199612 −18.77   0.10 5.2260 203   22 233   75 0.364   0.226 0.277   0.172
DEIMOS-19842..0 189.363861 62.239918 −19.32   0.09 5.2611 28   9 385   55 0.135   0.058 0.103   0.044
DEIMOS-43_13063 189.156342 62.210011 −19.92   0.05 5.1895 12   3 351   49 0.052   0.015 0.040   0.012
DEIMOS-33_19970 189.230789 62.263546 −19.56   0.05 5.1950 19   4 169   54 0.055   0.015 0.042   0.012
DEIMOS-42_9127 189.110382 62.202064 −19.70   0.10 5.2022 16   2 297   56 0.040   0.009 0.031   0.007
DEIMOS-33_20014 189.231232 62.259106 −20.14   0.06 5.1937 82   5 242   49 0.078   0.004 0.060   0.003
DEIMOS-33_17440 189.205124 62.260712 −21.05   0.03 5.1947 56   1 237   49 0.229   0.016 0.175   0.012
DEIMOS-vdrop_225 189.183884 62.179928 −18.70   0.08 5.2378 148   16 286   56 0.932   0.482 0.712   0.368
DEIMOS-vdrop_375 189.285294 62.251411 −19.40   0.08 5.2834 75   6 408   49 0.253   0.045 0.193   0.034
DEIMOS-33_17034 189.200592 62.259441 −20.02   0.05 5.6068 116   7 232   47 0.354   0.051 0.270   0.039
DEIMOS-42_11693 189.141540 62.190292 −19.84   0.30 5.6129 106   29 342   46 0.162   0.015 0.124   0.012
DEIMOS-vdrop_167 189.142960 62.196960 −19.13   0.60 5.6149 82   46 210   48 1.097   0.488 0.837   0.373
DEIMOS-33_17705 189.208191 62.232136 −19.63   0.05 5.8061 38   3 589   83 0.092   0.033 0.070   0.025
DEIMOS-32_16773 189.197845 62.199963 −19.11   0.06 5.9752 53   4 242   48 0.103   0.032 0.078   0.024