ID ra dec photoz Jmag
98.0 189.08625793 62.10453415 0.8928 26.208331102252394
179.0 189.13746643 62.10703278 0.8517 26.394192610636065
224.0 189.17127991 62.10860825 0.8662 25.109951308708087
233.0 189.13430786 62.10866165 0.8283 24.970545423629734
239.0 189.11231995 62.10900116 0.9061 24.319583437148033
261.0 189.19247437 62.10924911 0.8598 24.60386759827793
288.0 189.13508606 62.11024475 0.9032 24.693313716984505
293.0 189.20309448 62.11016846 0.8936 24.678759503418235
299.0 189.10372925 62.11014557 0.884 25.951144977651946
304.0 189.20196533 62.11026764 0.8576 26.26638972816637
366.0 189.08961487 62.1115036 0.8231 25.660623607625134
367.0 189.07592773 62.11153412 0.9121 25.5102304717462
379.0 189.18460083 62.11182022 0.902 25.987896480970047
381.0 189.15254211 62.11186981 0.8184 25.29172671195488
396.0 189.21299744 62.11244583 0.8189 23.620033912510312
457.0 189.21046448 62.11320496 0.8445 24.728164728494086
463.0 189.16439819 62.11348343 0.8832 24.971919974201587
500.0 189.15988159 62.11403275 0.9046 26.034404052958823
503.0 189.16552734 62.11405945 0.8642 26.211673409915683
506.0 189.1749115 62.11445618 0.8792 25.033462495516087
523.0 189.17431641 62.1143837 0.8164 25.346447764929884
570.0 189.09831238 62.11517715 0.7937 25.138188930217005
577.0 189.161026 62.11537933 0.8804 25.0917939249395
608.0 189.11499023 62.11603165 0.8591 25.237319117414692
613.0 189.13731384 62.11619949 0.8277 25.047187061775812
636.0 189.1607666 62.11662292 0.8107 26.425215755590614
646.0 189.19473267 62.11705017 0.9026 23.858174191941757
655.0 189.19760132 62.11749649 0.8685 24.061801409158814
665.0 189.15135193 62.11739349 0.8169 24.68288639837704
680.0 189.15657043 62.11758423 0.8046 25.803590249537628
681.0 189.1197052 62.11759949 0.8662 25.90802827741406
703.0 189.07261658 62.11826324 0.8428 23.497540549690417
724.0 189.17259216 62.11957932 0.9249 23.506036245619487
741.0 189.16046143 62.11901855 0.8539 25.919287099923523
787.0 189.16339111 62.12022781 0.8525 24.597478906734995
824.0 189.14974976 62.12083817 0.8897 25.32758114649353
826.0 189.11604309 62.12083435 0.8582 25.379496406931302
828.0 189.16166687 62.12105179 0.9106 24.831299940171295
833.0 189.19412231 62.12099075 0.9149 24.79663173048967
834.0 189.19107056 62.12121964 0.916 24.542965121856586
839.0 189.19168091 62.1211586 0.7723 24.46163324284458
878.0 189.13491821 62.12187195 0.883 25.40977546987444
893.0 189.10099792 62.12202835 0.8364 25.746598206096436
896.0 189.13619995 62.12222672 0.8242 25.199574243199063
941.0 189.20059204 62.12324142 0.7939 24.646846023444773
952.0 189.15316772 62.12398148 0.8972 24.778154086815004
993.0 189.20823669 62.12413788 0.7939 24.010243151100358
1007.0 189.12150574 62.12452316 0.9003 24.287007192972577
1165.0 189.12136841 62.12783813 0.8565 24.52144233328048
1198.0 189.13052368 62.12797928 0.885 24.87260135057087
1260.0 189.13845825 62.12903595 0.8145 24.67480916870709
1293.0 189.09162903 62.12932587 0.7918 25.789817512575688
1299.0 189.13487244 62.12928391 0.8917 25.62991776467464
1343.0 189.05670166 62.12991333 0.8452 26.06373540755669
1344.0 189.1894989 62.13018417 0.8772 25.422566506693375
1349.0 189.17947388 62.13015747 0.818 25.62863844384189
1360.0 189.22370911 62.13041687 0.7796 24.826477323320518
1372.0 189.06903076 62.13035583 0.8996 25.090778291015702
1383.0 189.22052002 62.13103104 0.8671 24.39364642925404
1404.0 189.15312195 62.13081741 0.8394 25.970559007506722
1430.0 189.21725464 62.13116074 0.9074 26.37757754776408
1443.0 189.17980957 62.13139725 0.9076 25.126085897990336
1498.0 189.20510864 62.13243484 0.8546 25.24859063551269
1545.0 189.09693909 62.13293457 0.8982 25.137769755604552
1549.0 189.20018005 62.13318253 0.8092 24.14809677059332
1569.0 189.20057678 62.13326263 0.9108 24.818456308636907
1618.0 189.0914917 62.13355637 0.8986 25.27199293184926
1622.0 189.0750885 62.13373947 0.853 24.463618861914387
1624.0 189.11169434 62.13385391 0.899 24.971073891006803
1628.0 189.08425903 62.13416672 0.8781 24.64379169085124
1659.0 189.16819763 62.13434601 0.9029 24.89968139554636
1664.0 189.09049988 62.13441086 0.8546 24.139756491013976
1691.0 189.1894989 62.13451767 0.9281 25.60783943984863
1751.0 189.16021729 62.13537216 0.8887 25.471347360894953
1815.0 189.19219971 62.13651657 0.8711 24.614777327463948
1855.0 189.2293396 62.13713455 0.9175 25.1008942319497
1897.0 189.17222595 62.13759232 0.7868 26.6264176204582
1902.0 189.07022095 62.13774109 0.9254 25.15235061077877
1959.0 189.05532837 62.13824463 0.8383 26.30679883289353
1974.0 189.18933105 62.13845444 0.8955 26.347567565722166
2012.0 189.04225159 62.13873672 0.9111 25.898995187546078
2040.0 189.08294678 62.1391983 0.8685 24.26394466721754
2064.0 189.17233276 62.13948441 0.8777 25.080264623436967
2086.0 189.15087891 62.13970184 0.9152 25.391419696284004
2107.0 189.17176819 62.13988876 0.7828 25.25379040042065
2111.0 189.17515564 62.14028931 0.8203 24.185800432891437
2133.0 189.05444336 62.14009476 0.9288 25.352484683200462
2136.0 189.30735779 62.1404686 0.8976 24.08235602346789
2143.0 189.19522095 62.14034653 0.8797 25.163274233945373
2219.0 189.13586426 62.14168549 0.9284 23.8690386969843
2222.0 189.06695557 62.1408844 0.8844 25.314955740344534
2228.0 189.04031372 62.14134598 0.7774 23.877654780386447
2231.0 189.1416626 62.14107513 0.8886 25.23804889693976
2242.0 189.18690491 62.14150238 0.921 23.861593357734286
2260.0 189.22079468 62.14131546 0.8707 25.50188992789049
2304.0 189.23724365 62.14192581 0.9284 25.209181025108286
2305.0 189.15377808 62.14183044 0.8689 25.607668411383113
2306.0 189.26473999 62.14198303 0.7729 24.949614920904168
2337.0 189.0489502 62.14224625 0.7898 24.647787549335334
2347.0 189.04940796 62.14212036 0.8833 26.206482365869615
2396.0 189.03323364 62.14250946 0.7791 25.259042753223323
2406.0 189.14024353 62.1427536 0.8719 24.55169513771556
2428.0 189.14649963 62.14304352 0.9177 25.156957772843235
2439.0 189.05055237 62.14303207 0.8858 26.029909291364426
2466.0 189.07441711 62.14348602 0.7914 24.278147653014283
2473.0 189.09397888 62.14322662 0.8235 25.603363578557403
2482.0 189.01803589 62.14322662 0.8833 24.69274087706669
2515.0 189.1237793 62.14389038 0.8454 24.811497611215255
2521.0 189.27154541 62.14385986 0.7808 25.541330906334842
2573.0 189.0632019 62.14502716 0.7759 24.10683086338948
2584.0 189.06428528 62.14463043 0.8899 25.181420098188333
2612.0 189.1856842 62.14480209 0.8174 26.765102785945757
2614.0 189.2706604 62.14481735 0.7918 25.238089454632895
2652.0 189.14909363 62.14508438 0.8779 26.021142048121156
2695.0 189.23382568 62.14584732 0.9222 24.52922592451499
2724.0 189.0614624 62.14563751 0.8379 25.299996529195578
2729.0 189.29182434 62.14573288 0.8908 25.714825560052432
2773.0 189.15611267 62.1460495 0.8211 25.407402724521567
2822.0 189.16481018 62.14640808 0.8962 26.07603858142686
2834.0 189.16635132 62.14682007 0.8894 24.511150258626706
2842.0 189.19866943 62.14683533 0.9265 25.53352955944531
2852.0 189.15052795 62.14670563 0.8578 24.70798271009414
2942.0 189.29109192 62.14735031 0.854 25.147029188540923
2950.0 188.99775696 62.14721298 0.9077 25.641715651922183
2983.0 189.08139038 62.14751434 0.8831 25.59195429116464
2989.0 189.09703064 62.14758301 0.9174 24.955226510258278
3023.0 189.08076477 62.14813232 0.8983 24.681266138108043
3065.0 189.02149963 62.14808655 0.7973 26.033813053571507
3076.0 188.98908997 62.14820862 0.9299 24.77983705577449
3103.0 189.28131104 62.14857101 0.8852 25.34505938390755
3185.0 189.14967346 62.14920044 0.9182 25.315434719206994
3207.0 189.17259216 62.14932632 0.8699 25.978470998963473
3224.0 189.08276367 62.14938354 0.9222 26.09162364971998
3258.0 189.10365295 62.15028763 0.8994 24.25330387359953
3261.0 189.09999084 62.14974213 0.8436 25.595067703617648
3352.0 189.17425537 62.1505661 0.8659 24.98180438166439
3370.0 189.17538452 62.15058136 0.9176 25.08046337879318
3379.0 189.20506287 62.15083313 0.9144 25.341945721821837
3398.0 189.12420654 62.15096664 0.9042 24.67553366369915
3403.0 189.01603699 62.15073395 0.7756 24.144190084217797
3420.0 189.25183105 62.15109634 0.8313 25.65401986060245
3463.0 189.29972839 62.15177155 0.9135 24.78713046968274
3479.0 189.06152344 62.15126419 0.7864 26.23167613987971
3487.0 189.07385254 62.15156555 0.8929 24.33171860542139
3499.0 189.20115662 62.15171814 0.807 24.40062547388409
3526.0 189.01045227 62.15155029 0.7911 25.15387581992547
3533.0 189.16546631 62.15180206 0.7708 26.266145762081294
3545.0 189.06982422 62.15184021 0.8313 26.26851804186073
3569.0 189.16111755 62.15212631 0.8443 25.04374527319986
3574.0 189.26068115 62.15215302 0.8749 26.048172118147555
3576.0 189.20037842 62.15221405 0.9206 25.498808748810134
3649.0 189.18225098 62.15283585 0.8727 25.592253990622687
3650.0 189.16464233 62.15312195 0.8227 24.095538801425317
3702.0 189.12651062 62.15316772 0.809 25.19820503514242
3710.0 189.27049255 62.15323257 0.8542 25.56668603704243
3788.0 189.30812073 62.15397644 0.8367 25.6705447499404
3798.0 189.2592926 62.15409088 0.8776 25.12907763196183
3845.0 189.0508728 62.15419769 0.8834 26.546129359522254
3872.0 189.12452698 62.15454865 0.9068 24.419288994799015
3902.0 189.22123718 62.15479279 0.8907 25.8389592264665
3907.0 189.08790588 62.15485764 0.8505 24.22853561427729
3941.0 189.08178711 62.15516663 0.9215 25.240850938109052
3947.0 189.00039673 62.15501785 0.8746 25.242940249689116
3958.0 189.00552368 62.15516663 0.8307 24.630731915548978
3965.0 189.09628296 62.15541458 0.8597 24.417255780338245
3967.0 189.29486084 62.1552887 0.9211 26.728268894496857
3969.0 189.26255798 62.15555954 0.7848 24.89968139554636
4008.0 189.04792786 62.1554985 0.8077 24.870864789716784
4010.0 189.00143433 62.15540314 0.9075 25.933251089730817
4028.0 189.15026855 62.15569687 0.9224 25.98954290611719
4044.0 189.00370789 62.15565872 0.8687 25.457806607006447
4052.0 189.06155396 62.15592957 0.8732 24.706241751426923
4118.0 189.00048828 62.15628433 0.8792 25.78193587053863
4120.0 189.20843506 62.15649414 0.8804 26.084318839255545
4131.0 189.30648804 62.15652084 0.847 26.361403121333964
4251.0 189.05654907 62.15738678 0.889 26.087211225451558
4310.0 189.04164124 62.15779114 0.8381 26.230967423745568
4332.0 189.10520935 62.1580162 0.8065 24.957103503780463
4348.0 189.00054932 62.15794373 0.8111 25.53804679767327
4356.0 189.13822937 62.1581955 0.8743 24.6040183740322
4411.0 189.15792847 62.1586113 0.9257 25.745734728872016
4420.0 188.98779297 62.158638 0.8378 24.974356142504245
4425.0 189.30470276 62.15880585 0.839 25.071103024131926
4441.0 189.26620483 62.15897369 0.8346 25.54677868388985
4469.0 189.21595764 62.1592865 0.9143 24.989949316866895
4492.0 189.13725281 62.15970993 0.873 23.657752051153743
4527.0 189.01792908 62.15950012 0.7763 24.438537865671172
4612.0 189.06373596 62.16011429 0.8761 24.72209585105603
4645.0 189.10798645 62.16042328 0.887 25.187171180602153
4650.0 189.070755 62.16038895 0.8015 24.005845071944645
4656.0 189.06376648 62.16029739 0.8088 25.227635307369823
4735.0 189.0526123 62.1611824 0.7869 24.8764703478223
4809.0 189.27586365 62.16165543 0.8178 25.503770469048806
4860.0 189.0168457 62.1616478 0.7871 25.827196140946157
4914.0 189.21798706 62.16228104 0.8843 26.08261064142927
4963.0 189.02992249 62.16241837 0.8949 26.080170816791274
4968.0 189.00471497 62.16244125 0.9142 26.121802063957553
5054.0 189.29107666 62.16392136 0.8203 23.896154903244597
5103.0 189.14807129 62.16397858 0.8711 24.011640326607928
5127.0 189.27468872 62.16423035 0.9156 23.786228787915448
5147.0 188.9962616 62.1637001 0.9018 24.907230918330182
5168.0 189.14859009 62.16399002 0.8823 25.719744299044944
5177.0 189.26333618 62.16417313 0.8982 26.070495079772957
5183.0 189.03219604 62.16397476 0.9116 25.48072281258978
5297.0 189.09664917 62.16490936 0.8293 25.347748182222688
5313.0 189.09007263 62.16511154 0.8482 24.77532549622612
5383.0 189.22691345 62.16593933 0.8535 25.17201662864438
5426.0 189.06474304 62.16589737 0.9189 25.48492335102287
5444.0 189.29872131 62.16607666 0.8226 25.58554930009537
5447.0 189.25196838 62.16717529 0.7902 23.028748289073608
5474.0 189.0272522 62.16641998 0.9223 23.7165897089171
5504.0 189.00064087 62.16618347 0.8859 25.945605694229613
5520.0 189.3134613 62.16672897 0.8254 24.550546210407543
5539.0 189.07095337 62.16665268 0.9139 25.656362377275087
5559.0 188.99165344 62.16663361 0.8408 26.25968323431041
5565.0 189.04446411 62.16692352 0.8754 25.178869540069208
5574.0 189.02615356 62.16685486 0.8247 24.789453283151904
5610.0 189.30052185 62.16760254 0.8341 24.52676561028577
5619.0 189.14282227 62.16727829 0.906 24.739806984612226
5662.0 189.24000549 62.16791916 0.8408 25.026286464709518
5666.0 189.27514648 62.16768646 0.7853 25.818139504233503
5689.0 189.23144531 62.1681633 0.9115 24.960971988741218
5700.0 189.01818848 62.16772842 0.9068 25.59394134325165
5715.0 189.11587524 62.1681633 0.8826 24.486853719989853
5786.0 189.03164673 62.16834259 0.9049 25.86863478872504
5833.0 189.17648315 62.16888428 0.8378 25.728671570102147
5836.0 189.16748047 62.16916275 0.9107 24.224010264974435
5884.0 189.02252197 62.16917801 0.8395 24.240120915141375
5885.0 189.10757446 62.16917038 0.9011 24.817538138430173
5909.0 189.10568237 62.16926575 0.9057 25.27302559749466
5922.0 189.29725647 62.16965485 0.774 23.994174559670835
5927.0 189.00714111 62.16932297 0.7836 25.384250021607656
5935.0 189.33287048 62.16949081 0.7994 25.5897278683832
5937.0 189.27932739 62.16966248 0.9155 25.019964548073844
5939.0 189.02116394 62.1695137 0.7766 25.234526164577662
5994.0 189.20370483 62.17033005 0.8815 24.480712165486082
6001.0 189.13946533 62.16987228 0.8497 25.347718270074335
6004.0 189.25296021 62.16994858 0.8956 25.477026929936443
6008.0 189.25404358 62.17016983 0.8161 24.84467366344469
6018.0 189.13615417 62.17004013 0.9193 25.72227539964867
6022.0 189.29812622 62.17011261 0.9278 25.003490818984044
6096.0 189.13012695 62.17056656 0.8491 24.791243450424332
6104.0 189.01698303 62.17077255 0.7868 24.26919365021271
6115.0 189.29206848 62.17076492 0.8666 25.15130171085591
6119.0 189.03916931 62.17063522 0.7847 25.547461582081407
6125.0 189.02685547 62.17072296 0.8831 25.387797903829018
6158.0 189.15957642 62.17149353 0.9076 24.08286907621934
6163.0 189.13739014 62.17102051 0.9042 25.430462570889247
6168.0 189.0512085 62.17100525 0.8825 24.71280562526791
6192.0 189.31526184 62.17116547 0.8168 25.58322448184435
6197.0 189.21282959 62.17123032 0.8384 26.16458557760848
6212.0 189.0174408 62.17119598 0.8849 25.35579449017898
6237.0 189.00334167 62.17207336 0.7776 23.84280761201875
6262.0 188.9744873 62.17141342 0.8172 25.19400388352676
6266.0 189.0393219 62.17151642 0.7907 25.93731078587379
6279.0 189.13697815 62.17170715 0.844 26.29485370727172
6281.0 189.28604126 62.17193604 0.8465 24.593738338697126
6338.0 189.16921997 62.17214203 0.8737 25.20651196197896
6339.0 189.09611511 62.17201614 0.8473 25.914134358234772
6341.0 189.13270569 62.17224884 0.8617 24.875985968512566
6358.0 189.18058777 62.17219925 0.8225 25.209892128422492
6419.0 189.17167664 62.17287445 0.7909 24.56936861894078
6495.0 189.11218262 62.17324448 0.8214 25.00846911560019
6537.0 188.99572754 62.17338181 0.9218 24.95741665175305
6601.0 189.30583191 62.17386246 0.7984 26.17274066299309
6630.0 189.14375305 62.17422867 0.8854 24.907928916557218
6660.0 188.97775269 62.17411423 0.9049 24.83111405826624
6663.0 188.98747253 62.17406464 0.9075 26.319645347888947
6680.0 189.04804993 62.17424774 0.9122 26.799237141862488
6712.0 189.15324402 62.1746521 0.9066 25.0310801082613
6758.0 189.1965332 62.17492676 0.8774 25.61361317635113
6767.0 189.25094604 62.17507935 0.9109 25.53934854358479
6781.0 189.31990051 62.17496109 0.8355 25.612791929369582
6794.0 189.01515198 62.17510605 0.8819 24.937145125937015
6803.0 189.06307983 62.17507935 0.789 25.83844206369437
7009.0 189.30758667 62.17712402 0.8106 23.141735259073577
7020.0 189.32785034 62.17638779 0.8521 25.47925307866874
7037.0 189.16751099 62.17665482 0.905 25.87376979161321
7068.0 189.03852844 62.17672729 0.8768 25.82628939416742
7069.0 189.05914307 62.17678833 0.7776 25.9482027777163
7088.0 189.01423645 62.17678452 0.9153 25.434618550444426
7099.0 189.25221252 62.1771431 0.7811 26.32008473931735
7103.0 188.99803162 62.17683411 0.9265 24.98737062501501
7120.0 189.21975708 62.17718887 0.8024 25.640226543509062
7134.0 189.00337219 62.17715836 0.863 25.71610564966002
7152.0 189.32603455 62.17741013 0.8909 25.730627583924264
7165.0 189.01597595 62.17726135 0.8729 24.763385525985115
7187.0 189.00128174 62.17730331 0.8892 24.72293672486259
7194.0 189.32051086 62.17765427 0.8808 25.58718896312119
7203.0 189.30577087 62.1775322 0.8297 24.896814437364426
7217.0 189.01806641 62.17744064 0.894 24.392777194526612
7226.0 189.2984314 62.17758179 0.7928 24.229923614334737
7230.0 189.01589966 62.17750168 0.8829 23.934535436888723
7243.0 189.28556824 62.17760849 0.825 24.06280850074399
7257.0 188.99684143 62.17788315 0.8775 25.362095901716543
7275.0 189.24598694 62.1781311 0.8677 25.59444806081892
7302.0 189.29241943 62.17813873 0.8708 24.921680855597174
7321.0 189.32757568 62.17852783 0.8581 26.066341453677396
7348.0 189.11636353 62.17857742 0.9261 24.576034316695218
7353.0 188.95758057 62.17835999 0.7859 23.940124982332474
7361.0 189.24867249 62.17862701 0.9256 24.799877581052872
7363.0 189.33143616 62.1787796 0.8587 25.459678580725054
7381.0 188.98989868 62.17864227 0.8131 24.46395015176066
7435.0 189.01547241 62.17849731 0.9253 23.707274296032192
7544.0 189.32023621 62.17947769 0.9101 24.20745474737972
7548.0 189.17242432 62.17980576 0.8494 25.11064837204702
7613.0 189.22354126 62.18028259 0.8787 26.210679570640128
7692.0 189.01049805 62.18051529 0.8222 25.271253923147523
7698.0 189.1680603 62.18069839 0.9259 26.305930909291565
7711.0 189.37226868 62.18072891 0.883 25.074272313402272
7740.0 189.34484863 62.1802597 0.9056 24.23200894712647
7787.0 188.9475708 62.18085098 0.8313 25.470643686396528
7801.0 189.16676331 62.18118286 0.916 25.650673678588205
7880.0 189.20452881 62.18135834 0.9151 24.901464702059656
7889.0 189.27980042 62.18178558 0.9149 25.913403841869314
7913.0 189.3369751 62.18188477 0.8111 25.572060571090805
7920.0 189.22213745 62.1819191 0.9206 25.665462618205353
7948.0 189.19813538 62.18203735 0.7815 26.030301841001126
7992.0 189.07165527 62.18225098 0.9022 25.673084673524965
8057.0 189.21984863 62.18271255 0.8218 25.970559007506722
8112.0 189.17704773 62.18288422 0.8538 25.464447622296635
8124.0 189.07113647 62.18293762 0.809 25.19370534938847
8152.0 188.94732666 62.18287277 0.9039 25.180483770340118
8181.0 189.31025696 62.18315887 0.8103 25.471967642695457
8188.0 189.20761108 62.18291855 0.7988 24.413200738445312
8257.0 189.22805786 62.18342209 0.8853 25.518443038142696
8268.0 188.9783783 62.18353653 0.773 25.52289781446311
8302.0 188.99613953 62.18333435 0.7841 23.916255462940697
8310.0 189.16976929 62.18388748 0.7893 25.36182314174741
8328.0 189.23506165 62.18407059 0.8628 26.147987972923747
8373.0 189.32441711 62.18429947 0.8318 26.426588418955756
8381.0 189.32762146 62.18429565 0.7809 26.16132163267421
8387.0 189.01423645 62.18423843 0.8952 25.24734911574492
8391.0 189.02455139 62.1836319 0.8142 23.633149936976817
8395.0 189.16973877 62.18412399 0.8249 25.27597549454824
8398.0 189.29840088 62.18391037 0.8561 23.594773642013376
8422.0 188.96148682 62.18414307 0.9194 23.63481607601352
8447.0 188.98519897 62.18434906 0.8029 24.531762363265656
8493.0 188.95632935 62.18431091 0.8823 24.404759230796476
8501.0 188.95588684 62.18414307 0.8629 23.87110954230893
8550.0 189.18351746 62.18499756 0.8274 24.380680417725692
8572.0 189.38711548 62.18508148 0.7959 24.082122897792303
8577.0 189.22245789 62.18490982 0.9217 24.957521054484488
8617.0 189.27630615 62.18549347 0.8114 25.48419386628376
8624.0 189.3289032 62.18527985 0.7768 24.698811958258688
8638.0 189.04144287 62.18557739 0.9094 25.32615801884497
8661.0 189.18421936 62.18566513 0.8609 25.59692875666949
8703.0 189.13868713 62.18529129 0.8069 23.206156586213922
8709.0 189.20115662 62.18602753 0.7701 26.013963371716454
8775.0 189.04411316 62.18621445 0.791 25.924540733857995
8813.0 189.21697998 62.18620682 0.908 24.729010317481343
8814.0 189.1415863 62.18629837 0.9155 24.35304773364685
8837.0 189.15655518 62.18667984 0.7988 25.47795393726969
8848.0 188.95402527 62.18638992 0.8443 24.915435765116722
8852.0 189.03924561 62.18668747 0.8459 25.688573095154293
8858.0 189.40562439 62.1865654 0.8369 24.483070192361044
8880.0 189.30911255 62.18675995 0.8664 25.822345729066093
8889.0 189.16940308 62.18702316 0.8343 25.643206805481864
8905.0 189.20858765 62.18701553 0.9 25.400943553378312
8911.0 189.26472473 62.18709946 0.8775 26.048115100176492
8921.0 189.16386414 62.18688965 0.8477 24.154107816615742
8927.0 189.161026 62.18703461 0.812 25.026686982219655
8936.0 189.15667725 62.18686676 0.8205 24.231955426992144
9003.0 189.18399048 62.18706512 0.8216 24.326042534833466
9005.0 189.31364441 62.18704605 0.871 24.37468219805776
9006.0 189.14823914 62.18743896 0.776 25.888608128095754
9073.0 189.31491089 62.18783951 0.8568 26.2709655208971
9103.0 189.13766479 62.18787384 0.8521 24.906134969785434
9166.0 189.29957581 62.18793869 0.9064 24.696757117937636
9187.0 189.1544342 62.18794632 0.9083 25.6770272586512
9194.0 189.04405212 62.18832779 0.8303 25.7684334176213
9201.0 188.98526001 62.18826675 0.7848 24.87009387554238
9205.0 189.14743042 62.18843079 0.9155 25.431786875938155
9212.0 188.99880981 62.18825912 0.8799 24.61014245507041
9216.0 189.18731689 62.18766022 0.7937 23.75298348266158
9220.0 188.99714661 62.18842697 0.7736 25.64146079117037
9221.0 189.13899231 62.18854523 0.9223 25.328197925266842
9226.0 189.15287781 62.188591 0.8437 25.326348639081154
9244.0 189.27532959 62.188694 0.7947 26.042768736496395
9253.0 189.3888092 62.18868256 0.8998 25.533369844076113
9264.0 189.21313477 62.18814468 0.8333 24.50006384367377
9330.0 189.00964355 62.18839645 0.9107 24.737417374016015
9342.0 189.18019104 62.18881226 0.9112 25.197254126053526
9368.0 189.14682007 62.18925858 0.7992 25.76002693962455
9373.0 189.42280579 62.1891861 0.9299 24.74408727165368
9379.0 189.01834106 62.18915558 0.8471 25.63016992990864
9437.0 189.21035767 62.18960571 0.9086 25.74422529417213
9455.0 189.00340271 62.1896286 0.8407 25.343210966615175
9485.0 189.25041199 62.18981552 0.8404 25.361974666603878
9497.0 189.20930481 62.18999863 0.8614 25.921086208113653
9557.0 189.26512146 62.18943024 0.9108 23.133939986027492
9561.0 189.12373352 62.19041061 0.9277 25.26220363991214
9637.0 189.31138611 62.19043732 0.7735 24.494051697300943
9639.0 189.18249512 62.19047546 0.9123 24.655744582132595
9654.0 189.02304077 62.19073486 0.8824 24.615615233862034
9665.0 189.33122253 62.19072342 0.8918 24.40131334133704
9670.0 189.22193909 62.19079971 0.9076 24.510250868976915
9680.0 189.30754089 62.19099808 0.7884 25.958181224716107
9701.0 189.25247192 62.19095612 0.864 24.97860602053938
9710.0 189.34005737 62.19063187 0.8474 23.676712912117157
9758.0 189.20973206 62.19147873 0.9234 25.142600062033313
9767.0 189.28340149 62.19152451 0.8647 25.748024446564134
9770.0 188.97984314 62.19132233 0.7971 26.441967260605377
9839.0 189.03416443 62.19166946 0.8857 24.9337689823679
9842.0 189.03755188 62.19153214 0.9189 24.268418519793933
9845.0 189.26402283 62.19171143 0.8399 25.69029407979963
9859.0 188.93533325 62.19153976 0.7898 24.560278647517755
9865.0 189.23583984 62.19190598 0.8852 25.340785969527687
9890.0 189.34158325 62.19174194 0.9272 24.333891546759315
9894.0 189.07672119 62.19213867 0.8257 25.3942883863744
9906.0 189.23408508 62.19208908 0.8857 24.808580923887654
9929.0 189.13069153 62.19224548 0.9189 25.068983722902022
9941.0 189.27389526 62.19179153 0.8216 24.103212215494672
9946.0 189.26922607 62.19207764 0.8742 25.262576928055335
9948.0 189.22903442 62.19179535 0.9046 23.769601244858215
9965.0 188.95172119 62.19174957 0.7813 23.874954902109483
10035.0 189.06863403 62.19219971 0.8883 24.052144283381697
10054.0 189.12811279 62.1928215 0.894 25.962836021257157
10058.0 189.03759766 62.19275284 0.8382 26.150052765060643
10064.0 188.99949646 62.19255447 0.7946 25.273528330736283
10087.0 188.9664917 62.19277191 0.9056 25.990867254987144
10096.0 189.06835938 62.1929245 0.9246 24.837545445756735
10130.0 189.26249695 62.19314575 0.9123 26.356658012104866
10131.0 189.00297546 62.19282532 0.8148 24.878701280193365
10141.0 189.13320923 62.19317245 0.8013 25.89366558897185
10148.0 189.26834106 62.19284439 0.9129 24.72875657162935
10177.0 189.05406189 62.19324112 0.7991 25.356804484430445
10195.0 189.27685547 62.1932106 0.9287 24.857261775968333
10214.0 188.93824768 62.19283676 0.8159 23.741102052086692
10269.0 189.14012146 62.19377899 0.8536 25.872217041307117
10321.0 189.2519989 62.19368744 0.9053 25.01792058516329
10376.0 189.22795105 62.19419479 0.9074 25.631373370476197
10381.0 189.3596344 62.1942215 0.8828 26.04577993773853
10404.0 189.33233643 62.19435883 0.9297 26.62709769326763
10408.0 189.38175964 62.19430542 0.8782 25.618496168244878
10413.0 189.11114502 62.19399643 0.7703 23.134738428902722
10417.0 189.31729126 62.19409943 0.8883 25.21992337907742
10431.0 189.11102295 62.1944809 0.9244 26.43132530112047
10472.0 188.95050049 62.19440079 0.7856 26.399971894721364
10490.0 188.92868042 62.19446182 0.8366 25.808265975937832
10519.0 189.12265015 62.19486237 0.9164 26.179830398514483
10525.0 189.04592896 62.1942482 0.8707 23.57440176349271
10544.0 189.26597595 62.19504166 0.783 26.17325239538764
10554.0 189.24848938 62.19492722 0.8763 25.763618615031202
10587.0 189.13565063 62.19527817 0.8166 25.458071469166633
10589.0 189.19023132 62.19530869 0.8491 25.86078559494503
10598.0 189.05938721 62.19523621 0.8132 24.952417090172503
10617.0 188.92645264 62.19479752 0.9099 23.95731769371703
10628.0 188.97399902 62.1950531 0.8733 24.383138225690395
10671.0 188.91825867 62.1952095 0.9093 24.53734929369652
10693.0 189.18008423 62.19573975 0.9075 26.590077387552903
10736.0 188.98521423 62.19570541 0.7883 25.561902567852652
10746.0 189.30786133 62.19576645 0.8991 24.939915255247737
10784.0 189.18151855 62.19604111 0.8976 24.73511807690755
10819.0 189.20126343 62.19639969 0.8562 26.066109551670426
10830.0 189.17735291 62.19610977 0.8689 25.09352031918142
10886.0 189.271698 62.19633865 0.8184 23.943812670171823
10894.0 189.32992554 62.19644165 0.7932 25.794208516661456
10926.0 189.2592926 62.19605637 0.803 23.902260646745628
10952.0 189.12434387 62.19694901 0.8714 25.611075048428
10978.0 189.2394104 62.19677353 0.8636 24.95356079133187
10987.0 189.39024353 62.1965332 0.9039 24.09369956927801
10993.0 189.31225586 62.19702911 0.8583 25.384930811589054
10998.0 188.93928528 62.19674301 0.7714 24.532962188881363
11015.0 189.35688782 62.19713974 0.7909 25.5238296637386
11076.0 188.93313599 62.19726944 0.8503 25.53088840332204
11208.0 189.30038452 62.19794464 0.9069 24.137203087338467
11249.0 188.92074585 62.19803238 0.859 25.20259259270686
11289.0 189.0368042 62.19815826 0.8259 24.20729778481702
11337.0 189.3427887 62.19873047 0.8736 25.698051796604105
11346.0 189.21905518 62.19861221 0.874 24.389987929771365
11365.0 188.95298767 62.19841003 0.9144 23.855976421328613
11378.0 189.39881897 62.19863892 0.8446 24.905338610564066
11383.0 189.38742065 62.19890976 0.8311 25.958758702100912
11411.0 189.06864929 62.19906235 0.9259 25.187648588934326
11435.0 188.92967224 62.19887161 0.8177 24.884835674423282
11443.0 189.22807312 62.19840622 0.9281 24.046129359522254
11510.0 189.10343933 62.19956207 0.7989 29.609081499666196
11528.0 189.39054871 62.19953918 0.8834 25.17433437456913
11533.0 189.40592957 62.19945908 0.8395 24.53218567974568
11544.0 188.99998474 62.19952393 0.7739 24.996747667448954
11593.0 189.10215759 62.19946671 0.7822 23.70876072377966
11598.0 189.00228882 62.19973755 0.8133 25.39505361074077
11659.0 189.3276825 62.20025253 0.9223 26.14864452640427
11687.0 188.94514465 62.20007324 0.7875 24.724367706616494
11694.0 189.0489502 62.20035934 0.8769 25.838606588766574
11701.0 189.17625427 62.20038223 0.9159 25.539187969989403
11703.0 189.15690613 62.20022964 0.8403 25.14916957625537
11727.0 189.32302856 62.20050812 0.79 25.86817575982688
11765.0 189.04685974 62.20068359 0.784 25.568939001607966
11769.0 189.20332336 62.20058823 0.8584 25.01794266149774
11771.0 189.1504364 62.20063782 0.7918 25.00382853361998
11792.0 189.33119202 62.20036316 0.8234 25.002576248867495
11837.0 189.19798279 62.20071411 0.9183 24.047167154207372
11853.0 189.15678406 62.20105362 0.8648 25.451074360945025
11856.0 189.16064453 62.20098114 0.8645 25.714825560052432
11864.0 188.92997742 62.20089722 0.8088 25.38102208596268
11872.0 189.20243835 62.20110321 0.8732 24.900671759753273
11883.0 189.15202332 62.20081711 0.9084 23.643123108168563
11887.0 189.38067627 62.20101547 0.7835 24.207193155713654
11910.0 189.0684967 62.20136642 0.8565 24.61090091560056
11931.0 189.332901 62.20125198 0.8395 24.619432070404645
11940.0 189.08001709 62.20154953 0.8598 25.490162875340395
11949.0 189.17192078 62.20142746 0.8134 25.655230191563405
11977.0 189.36221313 62.20157242 0.8888 25.007113107070296
12014.0 189.04301453 62.20180893 0.8665 25.722380990332415
12018.0 189.37063599 62.20149994 0.9043 24.356703717255904
12040.0 189.37667847 62.20202637 0.8461 25.88865735555398
12052.0 189.37507629 62.20199966 0.8479 25.41210580201834
12059.0 189.38856506 62.20203018 0.7936 24.2370516560899
12080.0 189.04678345 62.2021904 0.8794 25.36014263441921
12085.0 189.31947327 62.20214081 0.9109 24.894546013710585
12140.0 189.29707336 62.2025528 0.7955 25.749582484993546
12176.0 189.03262329 62.20271301 0.8292 25.327918862897413
12179.0 189.24890137 62.20278931 0.8176 25.559427829927582
12198.0 189.08673096 62.20291138 0.7939 25.516484519115064
12201.0 189.29246521 62.20273972 0.8333 25.001140621946366
12268.0 189.28115845 62.20339584 0.8434 24.98319326949579
12276.0 189.09107971 62.20317841 0.8478 24.535365825164646
12306.0 189.28211975 62.20343018 0.8792 25.62307352639183
12378.0 189.26115417 62.20395279 0.9181 26.41054829556851
12412.0 189.00906372 62.20365524 0.8629 24.668950504755962
12429.0 189.24790955 62.20365524 0.8465 24.555437570338295
12443.0 189.1174469 62.20421982 0.8554 26.185251024406902
12462.0 189.09136963 62.20421219 0.9027 25.166509581100424
12495.0 189.13439941 62.20441055 0.8956 24.901167280826524
12504.0 189.28695679 62.20402145 0.7879 23.477241792919973
12523.0 189.34625244 62.20373154 0.8777 23.21348413564086
12529.0 189.27032471 62.2042923 0.8276 23.84614113847437
12571.0 189.40286255 62.20473862 0.8721 26.33494518935616
12605.0 188.96635437 62.20441818 0.9087 24.94012073144153
12608.0 189.07717896 62.20492172 0.8336 27.100255247414758
12623.0 189.3837738 62.20483017 0.9118 24.446464405394153
12662.0 189.38034058 62.20520401 0.7821 25.884628098178514
12696.0 189.24447632 62.20542526 0.8246 26.1623979668721
12740.0 189.36294556 62.20556641 0.8481 24.75477577409012
12769.0 189.12347412 62.20575714 0.8143 24.908527558111487
12806.0 189.26417542 62.20591354 0.9052 25.76566064944765
12817.0 189.41442871 62.20591354 0.8214 25.36059656915013
12834.0 189.27397156 62.20602036 0.8229 25.251324249436617
12856.0 189.40080261 62.20614243 0.8331 25.600603823491305
12908.0 189.02919006 62.20635605 0.8405 24.97828670201208
12927.0 189.22190857 62.20633316 0.7766 24.431375948825394
12942.0 189.38322449 62.20648575 0.9025 25.51102981662984
13023.0 189.01153564 62.20682144 0.9202 26.809535064823322
13060.0 189.27053833 62.20700073 0.8313 25.84513717528085
13093.0 189.12445068 62.20645523 0.9191 24.202286926653255
13110.0 189.15292358 62.20730972 0.8049 25.840253212150326
13179.0 189.08106995 62.20738983 0.8268 25.422470371380108
13218.0 189.17626953 62.20769882 0.8014 25.651543881429234
13269.0 189.35081482 62.20776367 0.8982 24.815704124134694
13278.0 189.33111572 62.20812225 0.913 25.888903526330402
13287.0 189.38778687 62.20811081 0.8135 26.043222722633313
13296.0 189.17974854 62.20780945 0.835 24.188111002405208
13300.0 189.17021179 62.20811844 0.8249 25.950310978749894
13357.0 188.98532104 62.20830536 0.8161 25.899691204185448
13363.0 189.32362366 62.20840836 0.895 25.759480470277712
13371.0 188.97370911 62.20785141 0.9291 24.439898153430764
13377.0 189.3346405 62.20847702 0.8226 25.417770138100522
13441.0 189.03674316 62.20890045 0.8226 26.45126716140163
13444.0 189.30941772 62.20863342 0.9214 24.80767106361086
13563.0 189.19281006 62.20930481 0.8898 24.535365825164646
13589.0 189.16087341 62.20940399 0.904 23.6268173032035
13666.0 189.09997559 62.21004486 0.7762 25.535376865662645
13668.0 189.06074524 62.20982742 0.7852 24.813324527689982
13696.0 189.07211304 62.21013641 0.879 25.77890594851959
13758.0 189.37471008 62.21042633 0.887 25.86771692491552
13816.0 189.24511719 62.21078873 0.9152 25.572189298886848
13823.0 189.34603882 62.21024704 0.7978 24.286219244834392
13852.0 189.39108276 62.21086884 0.7877 25.181407266323006
13864.0 189.19146729 62.21064377 0.826 25.18387376940482
13866.0 189.31184387 62.21081161 0.8568 24.883469477328887
13881.0 188.98872375 62.2107811 0.9213 25.082710674809157
13907.0 189.27163696 62.21040726 0.9052 23.61954665290166
13934.0 189.11994934 62.21095276 0.8795 23.736005965669975
13950.0 189.38552856 62.21127319 0.8863 25.911215237233044
13995.0 189.25485229 62.21126938 0.8878 25.571141530418384
14026.0 189.03614807 62.21148682 0.7802 25.039413287957068
14042.0 189.35516357 62.21172333 0.8382 25.325894138371012
14087.0 189.01399231 62.21186447 0.8523 25.88932214478769
14185.0 189.43722534 62.21206665 0.9237 24.52641459149743
14248.0 189.23008728 62.21268463 0.8392 25.893937632029942
14265.0 188.97502136 62.21223831 0.7824 24.556880409360943
14289.0 189.36260986 62.21274948 0.9072 25.380621194948645
14393.0 189.22781372 62.21323395 0.8902 25.572667564368352
14409.0 189.06864929 62.21274185 0.8026 24.17371191957418
14454.0 189.0587616 62.2130127 0.8023 23.98471451830384
14463.0 189.09353638 62.21356201 0.7889 25.316611291236345
14492.0 189.21769714 62.21373367 0.8943 25.00489683909143
14515.0 189.15081787 62.21339035 0.8917 24.481991601729927
14540.0 189.41271973 62.21387482 0.7702 25.21640586493049
14564.0 189.24951172 62.21411514 0.808 25.968490634861563
14582.0 189.13206482 62.21368027 0.7702 23.368828122125024
14679.0 189.36071777 62.2145195 0.9052 26.0233968949693
14707.0 189.29112244 62.21456146 0.8808 25.494537129288627
14720.0 189.38650513 62.21456528 0.8953 24.755122322514627
14738.0 189.16435242 62.21430588 0.8581 24.680052527707726
14820.0 189.05709839 62.21476364 0.8611 24.049426657654905
14830.0 189.20622253 62.21534729 0.81 25.725956008293977
14885.0 189.29818726 62.2154541 0.8638 25.00933390827952
14888.0 189.19387817 62.2153511 0.9097 24.235654519479205
14930.0 189.16804504 62.21585083 0.8859 25.473461124878405
14966.0 189.05084229 62.21538925 0.7902 23.813803723979262
14973.0 189.28155518 62.21604156 0.8402 26.231001161644823
15013.0 189.00926208 62.21590042 0.9188 24.333832761399396
15068.0 189.41744995 62.21633148 0.8538 25.12915100243116
15108.0 189.34417725 62.21639252 0.905 24.56769034092864
15138.0 189.22821045 62.21621323 0.851 23.99830971803197
15144.0 189.15046692 62.21643448 0.8726 23.94241807115266
15155.0 189.32723999 62.21657562 0.9023 25.273751842474752
15212.0 189.2311554 62.21695709 0.8518 24.864329401132032
15234.0 189.25294495 62.21724319 0.8997 25.724262224748486
15249.0 189.28985596 62.21737289 0.7813 26.25150406686413
15321.0 189.42398071 62.21755981 0.8588 25.44113511608222
15323.0 189.31039429 62.21776581 0.8924 25.851398045324206
15324.0 189.36155701 62.21775055 0.8521 26.061049048566222
15357.0 188.96118164 62.21778107 0.9083 26.238551018963193
15368.0 189.4183197 62.21792603 0.7857 26.000919936675043
15382.0 189.29338074 62.21789932 0.8229 24.714390215777733
15385.0 189.09735107 62.21803665 0.8117 25.210168794426913
15386.0 189.2019043 62.21804047 0.9029 25.150515700365787
15389.0 189.09518433 62.21805191 0.844 25.269888777756282
15395.0 189.22917175 62.21804047 0.8664 25.172182017941367
15505.0 189.43345642 62.21875763 0.8721 25.625833097346955
15546.0 189.31999207 62.21866226 0.8977 24.46833267801644
15563.0 188.95074463 62.21890259 0.9184 24.515866937732003
15632.0 189.32389832 62.21950912 0.9229 25.594128988851875
15639.0 189.20278931 62.2196579 0.8834 25.292508220960055
15702.0 189.20429993 62.21939087 0.9125 23.566544408573062
15742.0 189.42193604 62.21998978 0.796 25.152675475748385
15752.0 189.04832458 62.21982956 0.8165 24.833067407287437
15769.0 189.20903015 62.22030258 0.921 27.150380963384222
15820.0 189.14491272 62.22032547 0.871 25.36121725370046
15869.0 189.14730835 62.22068024 0.7725 25.836469704994528
15906.0 189.01365662 62.22053909 0.9221 24.807125513207577
15927.0 189.13696289 62.22086334 0.8521 25.11075657716903
15941.0 189.42198181 62.22091675 0.8686 24.83651759609502
15949.0 189.14704895 62.22114944 0.9251 25.84857144075971
15983.0 189.42300415 62.2211113 0.8785 24.968434122614873
16000.0 189.06288147 62.22131729 0.8922 25.82707984903118
16027.0 189.36399841 62.22145844 0.9176 25.868876460854594
16032.0 189.03587341 62.22141266 0.9178 25.750470701422493
16047.0 189.33943176 62.22157288 0.8783 26.448914088726404
16071.0 189.41166687 62.2216568 0.8467 25.613746926532706
16104.0 189.3107605 62.22193909 0.8198 26.074956835896206
16125.0 189.01652527 62.22191238 0.8893 25.445446774421676
16143.0 189.34843445 62.2220993 0.875 25.884922415394943
16165.0 189.14463806 62.22227478 0.8254 26.096024284480656
16169.0 189.00804138 62.22203064 0.8759 25.375975504468283
16175.0 189.17965698 62.22164536 0.8909 24.90523910671899
16190.0 189.33955383 62.22217178 0.8759 24.65503316819117
16200.0 189.07199097 62.22229004 0.7773 25.16410742495788
16223.0 189.12640381 62.22229767 0.8868 25.07823239320296
16233.0 189.06608582 62.22210693 0.7852 24.198388221611506
16234.0 189.05160522 62.22228241 0.8011 24.396382849135883
16250.0 189.11196899 62.22264481 0.8597 25.974068332020046
16280.0 189.24333191 62.22269058 0.8305 25.946591854294084
16309.0 189.01322937 62.2228775 0.9032 25.55980959052055
16323.0 189.42466736 62.22303009 0.8182 25.491784077880634
16373.0 189.14468384 62.22327423 0.8684 25.874838597055795
16377.0 189.35057068 62.22297287 0.9068 24.250088328439613
16383.0 189.04226685 62.22293854 0.9272 24.513297968375138
16391.0 189.11198425 62.22322845 0.7983 24.787844652378944
16408.0 189.30911255 62.22331619 0.8138 25.10498867433107
16421.0 189.00375366 62.22354126 0.7967 26.085941168401593
16476.0 188.95045471 62.22373962 0.7998 24.967485374960656
16505.0 189.24638367 62.22402954 0.8378 25.547497535992424
16524.0 189.04759216 62.22365189 0.8301 24.754949034475832
16576.0 189.04794312 62.22400665 0.8813 24.842887216807373
16577.0 189.34213257 62.22420502 0.8599 25.33280546415625
16598.0 189.20310974 62.22445297 0.8164 23.89871119721943
16645.0 188.95037842 62.22445297 0.8661 25.24568688500939
16687.0 189.15344238 62.22485352 0.7899 25.53899174561748
16741.0 189.00762939 62.22501373 0.8196 25.064388764697103
16765.0 189.40965271 62.22470856 0.9107 24.38141717609241
16809.0 188.99505615 62.22509766 0.928 24.16698656843664
16815.0 189.40422058 62.2256012 0.8186 26.294317108421524
16870.0 189.35745239 62.22573471 0.8616 25.54036606153816
16888.0 189.38674927 62.22553635 0.9072 24.21902762657352
16913.0 189.02377319 62.2259407 0.9146 25.522072126115827
16936.0 189.40710449 62.22515488 0.8971 23.82393701840216
16937.0 189.19607544 62.22584534 0.7969 24.963278720319156
16941.0 189.1081543 62.225914 0.7962 24.99372092178773
16958.0 189.1680603 62.22613907 0.7952 25.485891098507505
16997.0 189.22761536 62.22605896 0.9218 24.061755654456654
17031.0 189.35395813 62.22614288 0.8224 24.8531759481207
17054.0 189.18235779 62.22661591 0.9008 25.815168006544152
17060.0 189.39439392 62.22653961 0.9217 25.17812728756651
17073.0 189.19277954 62.22597122 0.8656 25.410361545205816
17101.0 189.31071472 62.22675323 0.8321 25.380821621952826
17116.0 189.23379517 62.22660446 0.8175 24.58852309952444
17123.0 189.00520325 62.22589493 0.8864 24.428357604727662
17130.0 188.95974731 62.22674561 0.853 25.3802050416621
17131.0 189.15101624 62.22690201 0.8802 25.73587516980789
17144.0 189.40621948 62.22663498 0.8373 25.05489126522509
17162.0 189.09117126 62.22669601 0.802 24.20291202068084
17197.0 188.96908569 62.22707748 0.8764 25.455541366061823
17241.0 189.28335571 62.22729874 0.864 25.604367145434498
17267.0 188.99674988 62.22745514 0.8271 25.770683237475684
17302.0 189.31484985 62.22754669 0.8043 24.941663043654227
17313.0 189.11343384 62.22765732 0.8399 25.655825931608394
17336.0 189.29605103 62.22804642 0.9269 25.92222803341465
17345.0 189.2374115 62.22812653 0.8608 26.551011112547254
17368.0 189.39569092 62.22815323 0.778 26.65735068419869
17429.0 189.41793823 62.22848511 0.8591 26.492799665994735
17446.0 189.1552887 62.22842789 0.8935 24.74700753533664
17493.0 189.12762451 62.22893524 0.8534 26.767422735983907
17506.0 189.33013916 62.22852325 0.8263 24.512812630174054
17558.0 188.99916077 62.22893906 0.8489 24.666152729074454
17577.0 189.23703003 62.22919083 0.8553 25.05272355706107
17588.0 189.38040161 62.22933197 0.9183 25.59770043091336
17589.0 189.20010376 62.22864532 0.8204 23.9426640467325
17591.0 189.08361816 62.22900009 0.9104 24.845144269929783
17741.0 188.98519897 62.22953033 0.9076 23.88175599108233
17773.0 189.17558289 62.23009872 0.8172 25.241705170588315
17799.0 189.23231506 62.23023605 0.8181 24.53007074588151
17806.0 189.18518066 62.23044968 0.8446 25.280661446573053
17820.0 189.09793091 62.23020554 0.8254 25.494639862524714
17840.0 189.30155945 62.23051834 0.7755 25.488850621905716
17848.0 188.94642639 62.23028946 0.855 24.225818141926833
17853.0 189.42883301 62.23045731 0.8983 24.893462788528687
17891.0 189.26280212 62.23060608 0.8077 24.68369743614147
17905.0 189.37841797 62.23069763 0.9297 25.007812770963053
17953.0 188.99586487 62.23094559 0.8141 24.788201919971755
17964.0 189.37765503 62.23118973 0.8033 25.589634421077957
18084.0 189.36943054 62.23168945 0.9043 25.55191092081034
18117.0 189.17527771 62.23197937 0.8523 26.13000974444319
18123.0 189.18989563 62.23199081 0.7722 26.43906197798021
18126.0 189.05332947 62.23189163 0.8601 25.74273947372568
18138.0 188.95126343 62.23178482 0.7964 25.002902792621637
18160.0 189.32064819 62.23208618 0.9295 25.378218952376443
18175.0 189.20713806 62.23217773 0.8561 25.682530323903762
18189.0 189.40666199 62.23198318 0.9079 25.13768347503446
18191.0 188.99047852 62.23166656 0.8171 24.139609015921984
18261.0 189.16386414 62.23258972 0.8529 25.90153282745579
18270.0 189.1806488 62.23263931 0.9111 25.891491694909416
18273.0 189.39881897 62.23245621 0.896 25.356080811032434
18322.0 189.23635864 62.23289871 0.9038 26.65770049449943
18348.0 189.15354919 62.23298645 0.8372 25.625929712864853
18372.0 189.40161133 62.23272324 0.8997 25.75264013528664
18412.0 189.17352295 62.23324585 0.7721 25.16672477012199
18481.0 189.23609924 62.23344421 0.9099 25.26931815438127
18503.0 188.99617004 62.23353577 0.8102 25.498396293815002
18567.0 188.97271729 62.23381424 0.8922 25.15177608769053
18605.0 189.42677307 62.2338829 0.8937 25.13957088641068
18622.0 189.19615173 62.23422241 0.7999 25.3016007411828
18681.0 189.07406616 62.23435974 0.9113 24.769075750927197
18775.0 189.26928711 62.23458481 0.8285 24.877536743573224
18799.0 189.19004822 62.23487854 0.8867 25.619744372793594
18839.0 188.99324036 62.2348175 0.8498 25.00826123020021
18868.0 189.19845581 62.23496628 0.9226 25.049582365405737
18948.0 189.41203308 62.23537064 0.801 25.205356965242515
18958.0 189.17935181 62.2356987 0.8271 25.7860262875368
18973.0 189.12483215 62.23564529 0.8355 25.40106921910912
18987.0 189.17250061 62.23575211 0.8797 25.400441035853145
19025.0 188.94619751 62.23558426 0.8506 24.08328902705264
19060.0 189.31399536 62.23619843 0.838 25.463299144129003
19105.0 189.34298706 62.23620605 0.9291 25.8862969516247
19112.0 189.19088745 62.23624802 0.9055 25.510334700754274
19119.0 189.34370422 62.23644638 0.8707 26.13543381397099
19121.0 189.43911743 62.23639679 0.8613 25.598604551881404
19131.0 189.08103943 62.23635864 0.7882 24.450253152387585
19147.0 188.94902039 62.2363739 0.8118 25.554350473913303
19189.0 189.17706299 62.23685074 0.7879 28.93579770792844
19251.0 189.18847656 62.23715973 0.9021 25.64079451498374
19281.0 188.97857666 62.23689651 0.8408 24.685808974044168
19285.0 188.96884155 62.23711014 0.8573 25.09644726483388
19328.0 189.34640503 62.23745346 0.8505 25.00873176459114
19358.0 189.16053772 62.2371254 0.8326 23.827544852593576
19365.0 189.21887207 62.23744202 0.8318 25.00939961688878
19368.0 189.1408844 62.23754501 0.7854 24.530000318987913
19374.0 189.19432068 62.23756027 0.8603 25.072750364346184
19405.0 189.01782227 62.23765564 0.888 24.43717928004478
19453.0 189.20980835 62.23760986 0.8238 24.25702177742003
19482.0 189.37704468 62.23787308 0.907 25.390423665064784
19553.0 189.10469055 62.23819733 0.8228 24.970122834851505
19602.0 189.40248108 62.23865509 0.771 25.366241184096687
19616.0 189.36987305 62.23836136 0.8092 24.91714455734844
19661.0 188.94915771 62.23818588 0.8575 23.416152127681656
19668.0 189.38337708 62.23889923 0.8391 25.421685584775062
19682.0 189.4188385 62.23885345 0.8022 25.51045631391129
19690.0 189.2644043 62.23916626 0.8454 25.747440758086935
19697.0 189.37626648 62.23882675 0.9233 25.608923246207656
19709.0 189.01271057 62.23886871 0.9168 24.176251060592893
19713.0 189.31065369 62.23900223 0.7799 25.292693023493502
19768.0 189.37190247 62.23925018 0.8861 24.398127804954786
19785.0 189.39971924 62.23949432 0.843 25.497280014392242
19968.0 189.25491333 62.24029541 0.901 24.403128901796887
19986.0 189.17495728 62.24073029 0.8853 26.85622354202346
19989.0 189.33135986 62.24063492 0.8875 25.4058395483305
20116.0 189.25019836 62.24141312 0.8121 27.340728601521455
20119.0 189.45956421 62.24124527 0.9112 24.499515907147
20146.0 189.01269531 62.24131775 0.9255 24.302830315152192
20170.0 189.46141052 62.24149704 0.8488 25.66300042602788
20191.0 189.38090515 62.24165344 0.8731 25.77165518913892
20205.0 189.33900452 62.24183655 0.8964 25.865208837234047
20208.0 189.25257874 62.2417717 0.8746 25.51269991270753
20214.0 189.40852356 62.24163818 0.8428 25.703994923709242
20242.0 189.00785828 62.24185562 0.8918 25.532837629131997
20252.0 189.18406677 62.24172592 0.8629 23.929419966864163
20278.0 189.09745789 62.2421875 0.8697 25.99390041789203
20347.0 189.25498962 62.24189377 0.8392 23.47855121293453
20397.0 189.41091919 62.24238968 0.8618 24.681670976549945
20418.0 189.10273743 62.24281311 0.8573 25.882594585494733
20427.0 189.1673584 62.24229431 0.912 24.185800432891437
20547.0 189.20870972 62.24338531 0.9193 26.207802570561412
20602.0 189.3104248 62.2433815 0.8807 24.09955821227455
20613.0 189.02748108 62.24354172 0.8831 24.638720153240154
20637.0 189.3157196 62.24339294 0.9201 24.123168870709677
20639.0 189.18215942 62.24361801 0.8297 25.458949286857326
20642.0 189.34109497 62.24345779 0.7816 25.294670957769156
20691.0 189.4446106 62.24375916 0.9191 24.466072803863455
20696.0 189.34461975 62.24398422 0.8893 25.466998589606675
20697.0 189.33094788 62.24401855 0.856 25.029037435233505
20704.0 189.26742554 62.24425888 0.8765 26.11960754839537
20706.0 189.43865967 62.24410629 0.8654 26.356127848972477
20740.0 189.11949158 62.24417496 0.8842 25.008348756043564
20828.0 189.07725525 62.24466324 0.8158 25.410710172465684
20839.0 188.99215698 62.2446785 0.8987 25.062363008018718
20884.0 189.12150574 62.24458694 0.7924 24.679001828205482
20929.0 189.15846252 62.2447319 0.8679 24.0803062334053
20957.0 189.29730225 62.24552536 0.927 26.13728913944768
20981.0 189.10148621 62.2453537 0.7943 25.3935081007381
20992.0 189.06072998 62.24526978 0.7752 24.838106501425802
20999.0 189.32426453 62.24556351 0.9155 25.163615007536258
21030.0 189.25325012 62.24544525 0.8038 23.598918190483577
21056.0 189.30732727 62.24575043 0.8553 25.549566890893516
21114.0 189.14863586 62.24625015 0.878 26.127890634849514
21121.0 189.00192261 62.24609756 0.9182 24.936428096481897
21140.0 189.1075592 62.24620819 0.8012 25.526506581609215
21146.0 189.34439087 62.24623108 0.8035 25.24304889528739
21159.0 189.20307922 62.24650574 0.8946 26.412979153367267
21164.0 189.21257019 62.24651718 0.8622 26.02420532558468
21174.0 189.35325623 62.24650574 0.8252 25.24423111869488
21181.0 189.18264771 62.24645233 0.9144 25.400503837825877
21216.0 189.3099823 62.24675369 0.8005 25.32220653005498
21222.0 189.08178711 62.24668503 0.9005 25.481365390143395
21242.0 189.38328552 62.24692535 0.9206 26.15281194368601
21315.0 189.09703064 62.24697876 0.7799 25.513117838437054
21344.0 189.09565735 62.24700165 0.7784 24.165575997816312
21357.0 189.33647156 62.2473526 0.7809 25.099560608315407
21382.0 189.27043152 62.24728012 0.9206 24.688006080098667
21442.0 189.33731079 62.24784851 0.917 24.86634348768636
21469.0 189.41157532 62.24794388 0.7872 25.39535047556235
21480.0 189.40136719 62.24806595 0.9258 27.01990624321688
21505.0 189.420578 62.24818802 0.8495 25.609703495737666
21508.0 188.98745728 62.2478714 0.9109 24.1190612624987
21558.0 189.0750885 62.24785233 0.9021 23.68764729365936
21561.0 189.43205261 62.24846268 0.8913 24.80078093097166
21586.0 189.28993225 62.24840546 0.7835 24.78561438947575
21592.0 189.22930908 62.24816132 0.8818 23.715790957420012
21609.0 189.36811829 62.24806213 0.8396 24.518441999967635
21611.0 189.16825867 62.24875641 0.793 25.380975821752088
21641.0 189.0914917 62.24891663 0.8478 26.169069666080308
21644.0 189.28805542 62.24877548 0.8815 24.62035011121872
21714.0 189.50109863 62.24920273 0.8389 24.407838444206533
21725.0 189.30587769 62.24901199 0.9202 24.487598464710995
21746.0 189.12588501 62.24936676 0.8243 24.958565634327194
21752.0 189.12149048 62.24960327 0.9182 25.88580584604153
21768.0 189.24378967 62.24952698 0.9173 25.338751962682913
21788.0 189.38853455 62.2497139 0.8436 26.567765999320848
21804.0 189.19476318 62.24957275 0.8355 25.642323638324285
21809.0 189.07585144 62.24978638 0.8478 25.40248396172175
21826.0 189.08526611 62.24980164 0.8426 25.628948443831078
21864.0 189.17764282 62.24969864 0.8227 25.116591549275284
21865.0 189.04644775 62.24991226 0.8775 25.37428829221505
21867.0 189.46682739 62.24999237 0.8145 25.802430141185297
21872.0 189.14263916 62.25016022 0.8173 25.821859562969504
21910.0 189.41593933 62.25018692 0.8785 25.254476437650613
21911.0 189.08564758 62.25019455 0.8871 25.605030387196035
21914.0 189.37278748 62.25024796 0.8913 24.632046319518007
21917.0 189.30587769 62.25030136 0.9258 24.89484162641961
21920.0 189.19795227 62.2496109 0.8822 24.280551642400653
21921.0 189.19288635 62.24983215 0.8426 24.38578658941691
21927.0 189.07289124 62.25028229 0.7963 25.472890338599342
21931.0 189.12384033 62.25034714 0.9002 25.39774398174868
21951.0 189.34542847 62.25048065 0.8514 26.093583891786377
21974.0 189.23942566 62.25048065 0.8933 25.402940216210578
21993.0 189.08628845 62.24990463 0.8347 24.626259416335646
22040.0 189.16696167 62.25063705 0.8375 24.68110424498842
22052.0 188.99407959 62.25079346 0.8037 25.29888070865689
22053.0 189.49285889 62.25074387 0.7734 25.24304889528739
22068.0 189.17404175 62.25100327 0.8728 25.932302590973194
22071.0 189.08889771 62.25099564 0.8608 25.944542683043124
22079.0 189.04910278 62.25098038 0.911 26.208727669933708
22084.0 189.08239746 62.25045395 0.8608 24.914532198016367
22121.0 189.44517517 62.25095749 0.8883 25.085878825498533
22177.0 189.18086243 62.25123596 0.8955 25.36715436047009
22187.0 189.22129822 62.25153351 0.9002 25.688081885884223
22198.0 189.11265564 62.2515564 0.8391 26.210580236728887
22228.0 189.0894165 62.25165558 0.9106 26.62423455280222
22248.0 189.09178162 62.25138855 0.9141 23.984842384856062
22261.0 189.34570312 62.25181961 0.8646 26.57793517260289
22286.0 189.06593323 62.25185776 0.9092 26.447183503138003
22318.0 189.36386108 62.25190353 0.8909 25.525607669286785
22339.0 189.25149536 62.25213623 0.8187 25.88912512776086
22348.0 189.09619141 62.2521286 0.8674 26.258263857961747
22376.0 189.12605286 62.2521286 0.8595 25.285636046327205
22400.0 189.05783081 62.25191879 0.8786 24.050784620232612
22466.0 189.17472839 62.25242615 0.8403 24.456619200296593
22469.0 189.16360474 62.25273514 0.8756 26.378659304738356
22497.0 189.28385925 62.2527771 0.8946 25.701733944789893
22546.0 189.17478943 62.25295639 0.9019 25.429623603871537
22556.0 189.07493591 62.25308228 0.7907 25.019190704106645
22589.0 189.27368164 62.2533989 0.7741 25.53569691105481
22659.0 189.5063324 62.25339127 0.8624 25.10676015228752
22680.0 189.27682495 62.25325775 0.8275 24.103212215494672
22686.0 189.21537781 62.25323486 0.7786 24.92694651436518
22733.0 189.28474426 62.25363922 0.9017 24.52095334157633
22797.0 189.11470032 62.25400162 0.8341 24.61966150784531
22822.0 189.40263367 62.25440216 0.914 25.28125213208762
22856.0 189.11135864 62.25466537 0.871 26.377114267365304
22861.0 189.06373596 62.25465393 0.9047 25.82547629130252
22873.0 189.20146179 62.25378036 0.9033 23.703517761666475
22918.0 189.05909729 62.25484848 0.8878 25.521387456845
22925.0 189.36608887 62.25427628 0.856 23.9924562144443
22930.0 189.33261108 62.25474167 0.7815 24.85773787165882
22931.0 189.0592804 62.25431824 0.829 25.35867620964187
23046.0 189.35871887 62.25538254 0.8362 24.669671099586648
23047.0 189.33248901 62.25537872 0.9013 24.98694143785466
23083.0 189.02204895 62.25556564 0.8001 25.074853772990494
23106.0 189.24313354 62.25576019 0.9145 25.123090224241064
23211.0 189.10128784 62.256073 0.9189 24.288190188409608
23215.0 189.39884949 62.25611115 0.9052 24.180275045878645
23226.0 189.10398865 62.25640869 0.8325 26.279610690585727
23229.0 188.99263 62.25628281 0.9078 25.564638615781202
23268.0 189.20178223 62.25637054 0.8044 25.01207514173347
23301.0 189.20576477 62.25637436 0.8324 24.60349075047131
23349.0 189.25222778 62.25703812 0.8654 26.812701233990616
23363.0 189.37380981 62.25704193 0.7868 26.915923549588843
23419.0 189.30503845 62.25731659 0.9145 25.916985551263988
23420.0 189.15304565 62.25699234 0.7782 24.151619877386032
23438.0 189.15190125 62.25674057 0.7845 23.91713615749915
23440.0 189.30128479 62.2571907 0.8257 24.960553109027398
23473.0 189.29573059 62.2576561 0.8541 26.105780952009223
23476.0 189.27383423 62.25740433 0.888 24.737417374016015
23495.0 189.40594482 62.25764847 0.9249 26.026801946910084
23547.0 189.46244812 62.25770187 0.7979 24.821768165413562
23556.0 189.07728577 62.25740051 0.8168 24.33171860542139
23565.0 189.01322937 62.25788498 0.8033 25.285381831779617
23574.0 189.04743958 62.25785065 0.7751 24.834185186594905
23607.0 189.337677 62.2582016 0.8469 25.176273873299984
23636.0 189.00228882 62.25827789 0.8824 26.094624851917796
23642.0 189.24723816 62.25803757 0.8133 24.855454513919753
23685.0 189.30438232 62.25859451 0.8089 24.990379694914257
23702.0 189.00317383 62.25863266 0.7933 25.225254511288693
23720.0 189.30912781 62.25888824 0.8673 25.57905231248047
23739.0 189.29322815 62.25887299 0.7806 25.487080741652118
23752.0 189.14247131 62.25902176 0.8215 26.384084315799104
23778.0 189.29000854 62.25906372 0.8807 25.126232240060165
23847.0 189.12992859 62.25941467 0.922 25.897852699383495
23848.0 189.40135193 62.25887299 0.8182 24.128264524336146
23872.0 189.33218384 62.2587204 0.8423 23.273181140324084
23901.0 189.34153748 62.25966644 0.7898 25.86044978045696
23908.0 189.29774475 62.25945663 0.9029 24.98941158410133
23958.0 189.17681885 62.25999832 0.8763 26.62821588133062
23961.0 189.21563721 62.25979614 0.865 24.590755135268576
23965.0 189.33349609 62.25925446 0.9132 24.491533770848804
23997.0 189.41777039 62.26006317 0.7892 24.998914806301702
24035.0 189.20783997 62.26014709 0.8615 24.960134390856084
24036.0 189.37866211 62.26002121 0.8872 24.1917665966369
24043.0 189.16732788 62.26032639 0.9198 25.59420405617342
24048.0 189.2822113 62.26040268 0.7703 25.64236287494698
24050.0 189.3885498 62.2603035 0.8507 25.198765549688645
24112.0 189.30735779 62.26039124 0.8898 24.318018098335788
24123.0 189.29483032 62.26067352 0.7836 25.289456424492357
24124.0 189.20672607 62.2606163 0.8532 24.085110693335803
24188.0 189.32098389 62.26082611 0.8489 24.691269246443373
24207.0 189.4223938 62.2610817 0.8729 24.634524816710183
24255.0 189.52427673 62.2612114 0.8601 25.72604076687282
24258.0 189.36453247 62.26136398 0.9054 24.745374655154688
24286.0 189.3351593 62.26159286 0.8707 25.417626573895145
24289.0 189.37612915 62.26153564 0.8528 24.599429107005353
24317.0 189.17123413 62.26174927 0.8094 25.404625298666662
24318.0 189.09172058 62.26169205 0.7948 25.696050477009607
24319.0 189.53125 62.26130676 0.8663 24.18068337089465
24350.0 189.40759277 62.2618103 0.7919 25.96576534546347
24353.0 189.28742981 62.2616539 0.7942 24.739038321780292
24386.0 189.33984375 62.26199341 0.7994 24.81542928899723
24409.0 189.21205139 62.26211166 0.8088 25.641578411775857
24460.0 188.99150085 62.26182938 0.8828 24.40337956235549
24537.0 189.35728455 62.26238632 0.7754 24.59568182570995
24539.0 189.17932129 62.26256943 0.8671 24.75071209412244
24554.0 189.05955505 62.26257706 0.7899 24.678597983601698
24577.0 189.30999756 62.26285934 0.8348 25.307450371579694
24593.0 189.29768372 62.26285553 0.7751 24.47842640421078
24613.0 189.20933533 62.2630806 0.927 25.62850284667433
24614.0 189.11082458 62.26294327 0.8757 24.976691516547465
24648.0 189.13365173 62.26323318 0.8186 26.215026038248208
24667.0 189.0958252 62.26326752 0.822 24.8460860952879
24688.0 189.09637451 62.26335144 0.8269 24.979777659271058
24704.0 189.03118896 62.26350403 0.9158 25.703185408554685
24726.0 189.16136169 62.26366043 0.8988 25.690437618397407
24741.0 189.48350525 62.26358414 0.8222 25.291030931986217
24748.0 189.2598114 62.2637558 0.854 25.737672853012803
24754.0 189.11546326 62.26376343 0.8079 25.502320956902302
24757.0 189.22442627 62.26385498 0.8659 27.252871732429988
24774.0 189.16067505 62.26390076 0.9212 26.103648552863508
24826.0 189.18238831 62.26420975 0.8044 25.77236260998027
24868.0 189.24650574 62.26421356 0.7958 25.348615993195313
24886.0 189.20831299 62.26379013 0.9081 24.1142485941366
24910.0 189.20555115 62.264534 0.8463 25.356216463058274
24922.0 189.26210022 62.26441574 0.8946 25.42972037467924
24934.0 189.12113953 62.26468277 0.9122 25.912900323701983
24964.0 189.45091248 62.26466751 0.9182 22.486083572166763
24969.0 189.26438904 62.26483917 0.9172 26.11492856044782
25044.0 189.15652466 62.26472092 0.814 24.707319158535057
25096.0 189.32183838 62.26532745 0.8205 26.219056231717673
25103.0 189.29406738 62.26537323 0.8521 26.07943700297513
25164.0 189.34483337 62.26554871 0.8129 25.059423183613312
25171.0 189.18045044 62.26557159 0.9253 25.00416635333362
25198.0 189.17004395 62.265728 0.7936 25.29789459163412
25202.0 189.32342529 62.26522827 0.8051 23.60053257949861
25220.0 189.54075623 62.26547623 0.9087 24.670792976346487
25232.0 189.20956421 62.26564026 0.8795 25.063951065369285
25253.0 189.1688385 62.26583099 0.8341 25.222718959319536
25261.0 189.52355957 62.26526642 0.8019 23.861631409014528
25262.0 189.36836243 62.26593018 0.7858 25.778727980858697
25274.0 189.20863342 62.26614761 0.8911 26.19027631404875
25310.0 189.05429077 62.26622772 0.9156 26.231034900592473
25333.0 189.37728882 62.2661438 0.8864 23.864450910849996
25341.0 189.20222473 62.26625443 0.8268 25.75142471831881
25372.0 189.38038635 62.26643753 0.9251 24.904244569501188
25384.0 189.29589844 62.26602554 0.8687 24.304488320789577
25423.0 189.50149536 62.26657867 0.9183 24.95992509230994
25437.0 189.23435974 62.26637268 0.8712 23.48114799673159
25443.0 189.17852783 62.26686096 0.8227 24.97033410868069
25449.0 189.47673035 62.26676178 0.8265 26.051312726799033
25452.0 189.477005 62.26679993 0.8161 28.001424608674032
25463.0 189.35412598 62.26685333 0.8146 24.91573712133037
25491.0 189.40960693 62.26686859 0.8165 25.007539411090125
25522.0 189.13018799 62.26740646 0.784 23.430101168231285
25526.0 189.15904236 62.26715469 0.8684 25.38168542303644
25563.0 189.37837219 62.2670784 0.8583 24.934279844940143
25584.0 189.23338318 62.26748276 0.8849 25.691935652844066
25597.0 189.11488342 62.26753998 0.9293 25.445708638172416
25602.0 189.19200134 62.26766586 0.8127 25.785466577755066
25613.0 189.53115845 62.26703262 0.8514 24.462691787762758
25677.0 189.015625 62.26789856 0.8686 25.33689943562508
25692.0 189.24464417 62.2681694 0.8742 26.24444446058381
25797.0 189.27349854 62.26836014 0.9139 24.66903054723488
25804.0 189.45614624 62.26847458 0.8966 25.2993955602613
25811.0 189.19218445 62.26870728 0.8639 26.43043302626619
25826.0 189.17167664 62.26879501 0.8658 26.27577161155885
25830.0 189.19346619 62.26849747 0.8421 24.956060329022314
25873.0 189.10905457 62.26906586 0.8314 26.361098812407263
25880.0 189.12159729 62.26858521 0.789 24.370539556856286
25936.0 189.11381531 62.26919937 0.784 25.693271260906382
25945.0 189.45137024 62.2692337 0.7781 25.17844716176961
25961.0 189.20901489 62.2694397 0.8318 25.43152834808105
25971.0 189.28242493 62.26953506 0.9192 25.90357720034827
25981.0 189.16223145 62.26947403 0.9207 26.06547207643181
25984.0 189.05636597 62.26921082 0.7949 24.900374555625838
25985.0 189.1178894 62.26948929 0.8474 25.441184016143243
25992.0 189.05000305 62.26955414 0.8584 26.283534212141845
26001.0 189.20846558 62.26958466 0.817 25.100691701453187
26087.0 189.47114563 62.26985168 0.8984 26.773633614299232
26104.0 189.17437744 62.27002716 0.8355 25.777371935832548
26106.0 189.19110107 62.2701149 0.8249 25.604215604187534
26107.0 189.22540283 62.26995468 0.7885 25.457260532774978
26111.0 189.11221313 62.2698555 0.88 24.60492346852415
26126.0 189.12588501 62.27001572 0.8178 24.989949316866895
26137.0 189.25401306 62.2702713 0.8563 25.38663465647148
26163.0 189.48274231 62.27009583 0.8591 24.047483201758553
26176.0 189.33331299 62.27032089 0.7819 25.419606242557037
26177.0 189.49020386 62.27024078 0.9291 25.921898049411226
26178.0 189.13775635 62.2703476 0.8444 25.071323298104698
26227.0 189.07818604 62.2701683 0.8433 23.953708181238298
26235.0 189.21800232 62.27048111 0.8444 24.180836532374894
26271.0 189.10997009 62.2706337 0.8378 25.197918372116394
26289.0 189.31866455 62.27072525 0.8604 25.04709634847106
26297.0 189.46984863 62.27035522 0.8993 24.17691221107644
26319.0 189.27140808 62.27082443 0.8287 24.895531702570622
26321.0 189.17434692 62.27095032 0.843 25.28658281282309
26325.0 189.33937073 62.27079773 0.8559 25.067873610381923
26378.0 189.16090393 62.27128601 0.8712 26.644140722475395
26409.0 189.0901947 62.27132797 0.9042 24.507005431280493
26451.0 189.04728699 62.27155304 0.7776 25.417738233303215
26453.0 189.21713257 62.27156067 0.8807 25.57040685758543
26472.0 189.27249146 62.27157593 0.8726 24.821676032849144
26490.0 189.25202942 62.27183533 0.8742 26.252363947007247
26493.0 189.31568909 62.27158356 0.7979 25.526347895933856
26503.0 189.16307068 62.27188492 0.8607 25.8356723868533
26537.0 189.2505188 62.27267838 0.9198 24.022353326862863
26589.0 189.48652649 62.27209854 0.8543 26.03634817622875
26657.0 189.09275818 62.27254868 0.8394 25.9580762618192
26721.0 189.11903381 62.27271271 0.7973 25.247540026406888
26740.0 189.11676025 62.27275085 0.8643 25.418264782383744
26766.0 189.48640442 62.27292633 0.8414 26.411862674010255
26829.0 189.42375183 62.27309418 0.9204 24.40645485988441
26873.0 189.26298523 62.27408981 0.882 23.816282574838578
26879.0 189.25039673 62.27398682 0.8839 23.512776125884912
26918.0 189.08883667 62.27383041 0.9225 24.80322373667931
26919.0 189.1116333 62.27428818 0.7818 24.022882932761625
26941.0 189.09107971 62.27389145 0.8462 26.45139114871127
26947.0 189.4312439 62.27385712 0.8251 25.289002936108286
26958.0 189.114151 62.2739563 0.8977 24.904940649887106
26968.0 189.38685608 62.27393341 0.8195 24.6449654175391
27001.0 189.13072205 62.27410126 0.8642 25.209720894314252
27022.0 189.49882507 62.27410126 0.8712 25.322381846736253
27041.0 189.17466736 62.27437592 0.8923 25.172118403691766
27058.0 189.25898743 62.27449036 0.778 25.191112854831125
27063.0 189.17251587 62.27457428 0.7955 26.580818318236417
27069.0 189.08758545 62.27450943 0.9204 25.461952478934496
27083.0 189.21368408 62.27457809 0.8754 25.28750210729316
27088.0 189.462677 62.27450943 0.9214 26.358857164240554
27096.0 189.11630249 62.27470779 0.8919 25.701464600743517
27097.0 189.4727478 62.27456665 0.8613 23.94282806141686
27102.0 189.18678284 62.2747345 0.8332 26.21938997578914
27112.0 189.11987305 62.27474594 0.8914 25.552163656904902
27121.0 189.38420105 62.27479935 0.7767 24.801865943924806
27124.0 189.26304626 62.27495575 0.8837 26.29879688984561
27128.0 189.14810181 62.27492523 0.7793 26.03934159861816
27176.0 189.13929749 62.27513885 0.873 25.49006056482835
27219.0 189.16992188 62.27556229 0.884 24.91352911571594
27227.0 189.13926697 62.27552032 0.8885 25.98208650748183
27238.0 189.33761597 62.27557373 0.8288 25.588121694188448
27279.0 189.2086792 62.27571869 0.8266 25.654495895410022
27296.0 189.1348114 62.27581024 0.7887 25.639698009435783
27307.0 189.17636108 62.27597427 0.8774 23.825923525531405
27319.0 189.4526062 62.27577972 0.9123 25.464647481699824
27345.0 189.31987 62.27598953 0.8131 24.96369865310519
27351.0 189.23960876 62.27611923 0.8857 25.872774805359217
27358.0 189.3409729 62.27624512 0.9124 23.59709741153096
27403.0 189.38046265 62.27636719 0.9245 26.360528462954605
27423.0 189.27746582 62.27652359 0.83 26.24171519296029
27447.0 189.16937256 62.2766304 0.8204 25.567216802781655
27464.0 189.32513428 62.27666473 0.8911 25.253529819890126
27490.0 189.37576294 62.27675629 0.8554 25.360611703576836
27494.0 189.46826172 62.27695084 0.8658 24.21527924471533
27519.0 189.23924255 62.27721024 0.7968 24.681913952091914
27575.0 189.44921875 62.27760696 0.8441 23.495583141073947
27623.0 189.43113708 62.27726364 0.9085 25.07208880775102
27667.0 189.17947388 62.27788544 0.7938 24.892184005081937
27668.0 189.23739624 62.27819824 0.8374 24.22890913208087
27676.0 189.25959778 62.27817154 0.7909 23.779293187753616
27690.0 189.38612366 62.27763748 0.9273 26.039822444661137
27768.0 189.3868866 62.27817917 0.8961 23.803872367132126
27779.0 189.11549377 62.27830887 0.8906 25.389754969418558
27784.0 189.3820343 62.27811432 0.8771 25.855114691803117
27800.0 189.23016357 62.27843475 0.8408 25.00465692389771
27806.0 189.52429199 62.2780304 0.8974 26.479569746257365
27815.0 189.14230347 62.27851868 0.7911 24.547321355443458
27820.0 189.45622253 62.27841568 0.8308 24.444249547065514
27859.0 189.5378418 62.27828598 0.7714 26.20826502171893
27874.0 189.2928009 62.27905655 0.8417 25.826638053317108
27923.0 189.29971313 62.27913666 0.8706 25.7353620922605
27965.0 189.43321228 62.27920151 0.7724 25.62724453817733
27981.0 189.12957764 62.27960968 0.928 24.851375468730097
28035.0 189.26182556 62.27976227 0.7939 25.773247534702534
28043.0 189.1459198 62.2799263 0.8167 25.26970781592168
28054.0 189.16552734 62.2801857 0.896 24.245093183816593
28066.0 189.32165527 62.27988434 0.8193 25.741728556101144
28105.0 189.16467285 62.28068542 0.8854 24.16487139913277
28111.0 189.23010254 62.2803154 0.864 24.92350069508512
28163.0 189.17825317 62.28091812 0.811 24.926743516102505
28174.0 189.38331604 62.28047562 0.9002 25.732757690363243
28199.0 189.25082397 62.28065872 0.817 26.49546510565038
28297.0 189.16191101 62.28134155 0.7863 25.11715984246461
28326.0 189.12619019 62.2813797 0.9158 25.615391489145413
28345.0 189.42021179 62.28124619 0.9094 25.664020657453637
28363.0 189.28903198 62.28160095 0.9235 25.247812814168775
28365.0 189.20378113 62.28181076 0.8673 24.17381337128466
28412.0 189.25572205 62.28178787 0.8288 24.698318441793482
28427.0 189.24412537 62.28180695 0.9171 24.795641875193198
28439.0 189.07881165 62.28168869 0.9276 25.21526677692271
28469.0 189.23551941 62.28194046 0.8491 25.82524408799851
28523.0 189.2311554 62.28224182 0.8405 25.32601141066392
28529.0 189.08518982 62.28233719 0.8036 25.62565921107735
28548.0 189.32382202 62.28249741 0.9177 23.242459764031363
28552.0 189.38874817 62.28264618 0.8463 24.167843881260435
28564.0 189.25546265 62.28256226 0.7804 25.3166984954615
28586.0 189.32545471 62.28258133 0.8552 25.055828141066304
28632.0 189.19244385 62.28299713 0.8395 25.405334760174835
28642.0 189.44975281 62.28279877 0.8528 25.35599038576339
28652.0 189.16453552 62.28330231 0.9013 24.493370600606653
28687.0 189.24726868 62.28332138 0.8824 25.096565931012996
28692.0 189.1309967 62.28331757 0.7861 25.478341829702334
28774.0 189.24822998 62.28377533 0.796 24.62833915004441
28778.0 189.12806702 62.28358841 0.8631 25.732906954436405
28780.0 189.18545532 62.28396606 0.8573 25.737887061316535
28790.0 189.15869141 62.28448486 0.8622 24.3305458507116
28791.0 189.27355957 62.28383255 0.8221 24.891790836073564
28825.0 189.36076355 62.28379822 0.8132 24.781789021365597
28851.0 189.37815857 62.2842598 0.8926 24.4882759489491
28854.0 189.47880554 62.28378296 0.8114 26.06061638665618
28857.0 189.52671814 62.28414154 0.911 24.941663043654227
28871.0 189.38052368 62.28437042 0.8016 24.35304773364685
28881.0 189.17453003 62.2845192 0.7886 24.632820242285653
28887.0 189.3465271 62.28426361 0.9178 24.692822692838913
28893.0 189.15463257 62.28490448 0.87 24.22906925048422
28913.0 189.2350769 62.28435898 0.8037 26.1047893159784
28925.0 189.43991089 62.28437042 0.8383 25.156506208528732
28984.0 189.41850281 62.28477478 0.8392 24.88610582715863
28985.0 189.10998535 62.28475571 0.8122 25.541760001617885
28986.0 189.50794983 62.28448868 0.9179 25.030208990776558
28990.0 189.11689758 62.28499985 0.7875 24.752353027329864
29093.0 189.14970398 62.28620148 0.9192 24.349404019474676
29124.0 189.37501526 62.28530502 0.7915 26.185833414136447
29132.0 189.4588623 62.28527451 0.7887 25.488612200678375
29147.0 189.35334778 62.28549194 0.9111 25.610427154855905
29158.0 189.45547485 62.2854538 0.8666 26.093910943154697
29246.0 189.16719055 62.28618622 0.8098 25.654277686881404
29279.0 189.36277771 62.28652191 0.8711 24.48841149654038
29292.0 189.09437561 62.28630829 0.8698 26.657900436713476
29320.0 189.53640747 62.28638077 0.9081 24.29872480074181
29362.0 189.52270508 62.28646851 0.8557 24.466205607509238
29369.0 189.49137878 62.28692245 0.8788 23.976519923452116
29386.0 189.13098145 62.28682709 0.8968 26.49960519152388
29460.0 189.16880798 62.28796768 0.8598 24.667830529202288
29530.0 189.16444397 62.28809738 0.9198 24.781433857409287
29578.0 189.15388489 62.28800964 0.842 26.066718400112883
29594.0 189.19813538 62.28833389 0.9148 25.373338472131124
29651.0 189.4683075 62.28823853 0.9054 24.815979028859484
29678.0 189.21533203 62.28872681 0.7839 24.93653050027398
29699.0 189.25671387 62.28865051 0.7885 25.337373381620743
29708.0 189.10926819 62.28882217 0.8667 24.800961691182643
29718.0 189.1111145 62.28879166 0.888 25.037242523415735
29729.0 189.17053223 62.28873825 0.9112 25.983939093910717
29731.0 189.54139709 62.28834152 0.8028 26.018780875466934
29760.0 189.13717651 62.28900909 0.8174 25.322002029699647
29804.0 189.52574158 62.28879929 0.8709 25.879026779315634
29826.0 189.34580994 62.28918457 0.9277 25.439799366517022
29828.0 189.15925598 62.28966904 0.8066 24.804039228129525
29862.0 189.50976562 62.28977966 0.8665 23.706779271993728
29952.0 189.13806152 62.29016876 0.8906 25.774687077454583
29958.0 189.44538879 62.28989029 0.9226 24.864904473287826
29968.0 189.53643799 62.2896843 0.919 25.961992996961477
29971.0 189.44210815 62.28989792 0.9266 25.920021586811067
30055.0 189.12734985 62.29060745 0.918 25.04707367132906
30060.0 189.4874115 62.29027176 0.827 25.452918275607495
30095.0 189.10707092 62.29065323 0.8803 26.49413156787908
30130.0 189.33302307 62.29091644 0.9271 26.24841412490923
30200.0 189.11720276 62.29124451 0.9268 25.254737245499122
30208.0 189.19003296 62.29187393 0.9289 23.846816580940533
30218.0 189.27099609 62.29166794 0.9102 24.35544370991381
30221.0 189.11633301 62.29154587 0.8408 25.007878387574966
30279.0 189.29901123 62.29194641 0.8076 25.723078146509522
30288.0 189.44650269 62.2918129 0.8573 24.99102558202715
30314.0 189.19026184 62.29210281 0.9115 25.151451491676706
30330.0 189.39518738 62.29198837 0.876 25.731138428469244
30340.0 189.43667603 62.29202271 0.9049 25.04190432405388
30346.0 189.15760803 62.29217911 0.8223 25.8846526215662
30351.0 189.09996033 62.29226685 0.9217 24.627799577179427
30360.0 189.10768127 62.29224396 0.9079 25.963943484938756
30405.0 189.08370972 62.29298782 0.8083 23.55762132984339
30426.0 189.39341736 62.29253387 0.8909 26.069215347693127
30430.0 189.32168579 62.29262924 0.9299 25.506069494994914
30459.0 189.44369507 62.29265976 0.7984 25.286285976275934
30498.0 189.15589905 62.29302979 0.8813 25.48941282203842
30521.0 189.16781616 62.29322433 0.8388 25.39625719689877
30528.0 189.42510986 62.29302597 0.9011 25.767640475314913
30598.0 189.08650208 62.2936058 0.7858 24.03036911809239
30644.0 189.31860352 62.29418182 0.9299 24.14918721562927
30653.0 189.45315552 62.29388046 0.806 24.379698850290993
30661.0 189.14614868 62.29396057 0.8651 25.92629760954189
30665.0 189.31866455 62.29446793 0.9177 25.333587593881504
30680.0 189.32766724 62.29409409 0.8295 25.283152943575917
30694.0 189.29219055 62.29432678 0.8782 24.550259168448235
30695.0 189.45339966 62.2939682 0.9186 25.70430643647563
30725.0 189.42337036 62.29418564 0.8794 25.617364423646574
30744.0 189.36169434 62.29438019 0.7878 25.726061957551433
30777.0 189.11727905 62.29454422 0.9035 25.15938186689964
30788.0 189.51272583 62.29444504 0.9148 25.166940001801706
30802.0 189.34629822 62.29485321 0.7794 25.71281404442107
30814.0 189.44841003 62.29462814 0.8471 25.534577164679384
30820.0 189.38491821 62.29491425 0.7801 25.131084877994315
30860.0 189.15341187 62.2951088 0.8083 25.29287785748744
30878.0 189.3684082 62.29508972 0.8441 25.72752511408915
30910.0 189.2335968 62.29535675 0.8734 26.255327146257265
31002.0 189.44586182 62.29583359 0.8923 24.4700639964651
31045.0 189.21060181 62.29640961 0.9056 25.508061306606105
31072.0 189.12702942 62.29675293 0.786 24.274356826513706
31088.0 189.1807251 62.29693222 0.8405 24.29242572551535
31117.0 189.49806213 62.29638672 0.8108 25.862754596917576
31129.0 189.3190918 62.29681778 0.884 24.679082615154794
31137.0 189.19866943 62.29751968 0.9242 23.772892418073187
31164.0 189.49734497 62.29666901 0.812 25.679602713458582
31215.0 189.2723999 62.29798126 0.8206 24.19538279326778
31291.0 189.10635376 62.2977066 0.9057 25.500425707872694
31301.0 189.26182556 62.29860687 0.7789 23.188266063318537
31305.0 189.50198364 62.29766464 0.8855 24.37926969342421
31356.0 189.3881073 62.29811478 0.8787 24.868649885164945
31371.0 189.19692993 62.29861069 0.9119 24.731890256052562
31383.0 189.23362732 62.2986412 0.8069 24.434015842454794
31384.0 189.47375488 62.29816437 0.8213 24.51879045024334
31388.0 189.3236084 62.29866028 0.9079 23.982458022036365
31439.0 189.085495 62.29860687 0.7996 24.676822849696713
31443.0 189.16262817 62.29892349 0.9096 24.4861771223455
31473.0 189.49417114 62.29850388 0.8275 25.859323162297972
31527.0 189.1084137 62.29919052 0.7729 25.637840395103392
31562.0 189.20143127 62.29945374 0.7799 25.05941171551784
31577.0 189.10346985 62.29940033 0.8761 25.144942642841045
31582.0 189.34188843 62.29943848 0.8116 25.48905502463701
31596.0 189.48512268 62.29930878 0.9075 26.456736041888686
31634.0 189.32565308 62.2999382 0.9074 25.276493602024573
31726.0 189.4005127 62.30032349 0.773 25.21448600016325
31777.0 189.12530518 62.30085373 0.9044 24.60386759827793
31786.0 189.23973083 62.30104065 0.9296 24.088763220888623
31879.0 189.19680786 62.30168915 0.9273 24.12811860185696
31880.0 189.14894104 62.30137253 0.863 25.11114139385064
31910.0 189.26153564 62.30158615 0.9049 26.246222170689936
31937.0 189.38069153 62.30147934 0.8119 25.863932902346193
32030.0 189.17965698 62.30250549 0.862 25.579015298325597
32054.0 189.17929077 62.3024826 0.8473 25.806096672109767
32055.0 189.49180603 62.30216599 0.882 25.80730638073638
32073.0 189.276474 62.30254364 0.7981 26.047773055216663
32163.0 189.48500061 62.30334854 0.9004 23.77746054270372
32183.0 189.28430176 62.30384064 0.901 23.992327448117557
32208.0 189.20358276 62.30361176 0.7719 25.662460691373845
32226.0 189.23399353 62.30378723 0.9147 25.419398527190857
32231.0 189.21757507 62.30355835 0.9207 26.08470208015777
32305.0 189.1401825 62.30461502 0.7959 24.623492620517474
32308.0 189.25479126 62.30395889 0.9242 26.685133849448842
32350.0 189.17042542 62.30438995 0.8818 25.71787086975233
32367.0 189.13041687 62.30445099 0.8685 25.769734215536705
32372.0 189.25570679 62.30438995 0.898 26.07583384418683
32413.0 189.45698547 62.30464554 0.9143 25.240281822944887
32414.0 189.2230835 62.30478668 0.8734 25.533050483804416
32471.0 189.41088867 62.30502319 0.8815 24.982124736583287
32474.0 189.25839233 62.30527878 0.8097 25.370875877247737
32490.0 189.12950134 62.30532074 0.9007 25.264500704442966
32563.0 189.19973755 62.30567169 0.9005 26.16887847606929
32601.0 189.44012451 62.30577469 0.8333 25.769028504621538
32637.0 189.25468445 62.30633545 0.8699 24.459915305453315
32645.0 189.32514954 62.30630493 0.9056 24.991887362967134
32649.0 189.24996948 62.30677795 0.8764 23.925014039620734
32673.0 189.16807556 62.3067894 0.8384 24.646767599796018
32679.0 189.17404175 62.30671692 0.8259 24.95825215483757
32698.0 189.19586182 62.3069458 0.9067 25.294129869550996
32731.0 189.42472839 62.30672073 0.8791 26.168241419074683
32789.0 189.40486145 62.30740356 0.8676 24.733502966968658
32806.0 189.29951477 62.30752945 0.8549 25.555092461697644
32810.0 189.32574463 62.30772781 0.8189 23.99649864804614
32825.0 189.39433289 62.30766296 0.8329 24.875404998443543
32834.0 189.30506897 62.30770874 0.8719 25.364994417182526
32851.0 189.23262024 62.30802155 0.8728 25.16785204458847
32858.0 189.23364258 62.3079834 0.7711 25.279635542954058
32872.0 189.23957825 62.30822372 0.8567 24.088341147763085
32878.0 189.40925598 62.30792618 0.9045 24.8505236510651
32903.0 189.39486694 62.30805588 0.8605 26.172804616353815
32906.0 189.38874817 62.30814362 0.7996 24.73579884263548
32937.0 189.18251038 62.30838013 0.901 27.136620458603847
32955.0 189.41468811 62.30836105 0.8359 25.679440299665497
32967.0 189.18078613 62.30886459 0.8645 25.614683639429558
33007.0 189.24057007 62.30899048 0.8896 24.75477577409012
33022.0 189.27455139 62.30897522 0.8953 25.968146288851486
33103.0 189.36238098 62.30948639 0.9146 26.008864650650874
33106.0 189.41868591 62.30962372 0.8108 24.02611027976191
33116.0 189.35787964 62.3095932 0.7744 25.33060966032115
33123.0 189.23510742 62.31010818 0.9155 24.477889276648156
33146.0 189.13224792 62.31001663 0.8442 24.839978783670688
33151.0 189.24290466 62.31006241 0.8899 25.372282390312126
33168.0 189.47489929 62.30979156 0.7783 24.938478009683607
33196.0 189.37364197 62.31025314 0.9246 24.577284106282445
33198.0 189.34640503 62.31072998 0.88 25.188332810033316
33257.0 189.38540649 62.31056595 0.8793 25.834945930261064
33293.0 189.13256836 62.31097031 0.8162 26.218355702918505
33335.0 189.37962341 62.31119156 0.7885 26.502720649055377
33345.0 189.16221619 62.31207275 0.7829 24.0176863270693
33348.0 189.38047791 62.31132507 0.8954 25.954252044073495
33354.0 189.23210144 62.31161118 0.9261 26.068169414955797
33357.0 189.28900146 62.31157684 0.8008 24.694214505077984
33387.0 189.36894226 62.31167221 0.9291 25.515349496643324
33410.0 189.42570496 62.31177521 0.8247 24.640745926438075
33442.0 189.20314026 62.31238937 0.8149 25.513065588922462
33465.0 189.20454407 62.31290054 0.867 23.46661130505222
33486.0 189.15440369 62.31241989 0.8597 25.97063863904475
33495.0 189.21417236 62.31272888 0.8612 24.823058842891413
33565.0 189.46968079 62.31282425 0.8157 26.326402302040982
33638.0 189.20288086 62.31393814 0.8046 24.717231583698762
33640.0 189.34178162 62.31393433 0.9265 23.942213134062875
33737.0 189.23620605 62.31446457 0.7933 25.70807242028419
33853.0 189.14598083 62.31503677 0.799 25.55815626320481
33862.0 189.35327148 62.31529617 0.8388 24.565432410866052
33874.0 189.295578 62.31523132 0.7724 25.35252974914326
33901.0 189.33966064 62.31557846 0.7789 24.867399978393134
33954.0 189.34819031 62.31576538 0.7874 25.37081476581864
33970.0 189.20715332 62.31612015 0.8589 25.386572651605537
34015.0 189.40463257 62.31616211 0.7837 25.009958300684108
34069.0 189.40892029 62.31659317 0.9193 25.34504446472288
34144.0 189.2718811 62.31727219 0.9068 26.57993395971581
34156.0 189.14167786 62.31737518 0.9065 25.686303112904255
34171.0 189.20114136 62.31816101 0.7939 23.771911024916875
34181.0 189.27250671 62.31769562 0.9175 25.435688417049068
34211.0 189.25718689 62.31866837 0.882 24.15435692438436
34235.0 189.30285645 62.31799698 0.8391 25.555201087820837
34263.0 189.14927673 62.31819153 0.8284 26.083729501888442
34265.0 189.29333496 62.31852341 0.869 24.852607053056722
34306.0 189.44247437 62.31837463 0.8562 25.657177487121473
34311.0 189.25779724 62.31895447 0.8956 24.62372291773008
34381.0 189.14833069 62.31909561 0.793 25.216352857585044
34415.0 189.36076355 62.31990814 0.8436 23.769391508308026
34441.0 189.24528503 62.31958008 0.88 26.18318283171341
34507.0 189.33944702 62.32120514 0.8733 23.653942722685734
34548.0 189.21852112 62.32175064 0.824 24.242009856448778
34566.0 189.26971436 62.32081604 0.8607 25.0542290847413
34570.0 189.24674988 62.32096863 0.8404 24.15485531145061
34584.0 189.38020325 62.32092285 0.8437 25.2522278545165
34610.0 189.16651917 62.32104492 0.9088 26.445702336385448
34624.0 189.15412903 62.32114029 0.8299 25.60056606728993
34629.0 189.30706787 62.32134628 0.8997 24.50109197058191
34649.0 189.14775085 62.32133484 0.9135 24.1142485941366
34718.0 189.16574097 62.32295609 0.7913 23.291706845195293
34839.0 189.37036133 62.32324982 0.8759 24.28133548664193
34859.0 189.34506226 62.3236618 0.913 23.730360320760422
34922.0 189.26989746 62.32373428 0.9146 25.43606149719391
34958.0 189.19218445 62.32395554 0.881 25.320440333574002
34978.0 189.38961792 62.32400131 0.8376 25.39421033257139
34990.0 189.23347473 62.32420731 0.8524 26.10202952748806
35021.0 189.22654724 62.32475662 0.8569 25.22841220143897
35036.0 189.44100952 62.32440186 0.9214 25.003142320475085
35043.0 189.23332214 62.32477188 0.8554 25.040810269559422
35348.0 189.25047302 62.32724762 0.8484 26.084318839255545
35358.0 189.32528687 62.32743835 0.8582 24.942383539811235
35372.0 189.43579102 62.32739639 0.8579 25.035457428201358
35388.0 189.24525452 62.32764053 0.9294 26.230528926429642
35411.0 189.28222656 62.32799149 0.8836 25.499943808621964
35420.0 189.13903809 62.32794952 0.8662 25.861169510157676
35457.0 189.38745117 62.32819366 0.9221 26.34441691435246
35468.0 189.24545288 62.32889938 0.8546 24.031658934516656
35472.0 189.43157959 62.32855606 0.8296 24.496165816391546
35492.0 189.33279419 62.32863235 0.8961 25.681207855558053
35510.0 189.22903442 62.32897949 0.9099 25.44995636723766
35532.0 189.44892883 62.32872772 0.8416 25.190569216563194
35544.0 189.40666199 62.32941055 0.8586 24.330077103287266
35549.0 189.21604919 62.32907486 0.8983 25.990705003001075
35551.0 189.2151947 62.32910156 0.7878 25.75590243553986
35609.0 189.37254333 62.32948685 0.8945 25.01578131142911
35634.0 189.20872498 62.32978439 0.8099 26.23255423938395
35649.0 189.40174866 62.32982254 0.7808 25.613422133240284
35709.0 189.29214478 62.33054352 0.9102 26.038408799072183
35711.0 189.30577087 62.33056259 0.9033 26.16132163267421
35767.0 189.25639343 62.33111954 0.8101 25.62856095767252
35772.0 189.41244507 62.33123398 0.9092 24.918654551849983
35791.0 189.23265076 62.33140182 0.8096 25.539295016414304
35814.0 189.27183533 62.33174133 0.817 24.428421737525742
35865.0 189.41560364 62.33189774 0.8627 25.77154469625699
35868.0 189.1414032 62.33208847 0.8361 25.457425980813326
35910.0 189.41557312 62.33241272 0.8378 24.850050707639596
35934.0 189.32519531 62.3328476 0.9269 24.94650985814507
35959.0 189.30761719 62.33375168 0.8956 23.589074693711698
35970.0 189.2394104 62.33294678 0.8534 25.588719062862108
35973.0 189.34103394 62.3338089 0.7948 23.15743606441267
36011.0 189.2155304 62.33364487 0.8801 25.28327978274094
36016.0 189.21443176 62.33352661 0.9212 26.068401757392966
36081.0 189.28979492 62.33406448 0.8263 25.62658692648961
36090.0 189.41577148 62.3340416 0.8432 26.46093924599897
36098.0 189.44677734 62.33412933 0.8503 24.95731225905985
36099.0 189.43280029 62.33411789 0.7902 24.629573467306532
36138.0 189.20011902 62.33488846 0.827 24.188522285597685
36140.0 189.20591736 62.33472824 0.9295 26.611371199683706
36149.0 189.28555298 62.33503723 0.8104 24.4027530194304
36189.0 189.23272705 62.335289 0.8728 25.270111541427045
36217.0 189.19314575 62.33552933 0.7795 24.50150349410096
36224.0 189.26618958 62.33568954 0.9273 24.618132839933846
36228.0 189.34896851 62.33575439 0.8131 24.73963612361498
36245.0 189.30297852 62.33591461 0.9282 25.5433527120711
36294.0 189.45384216 62.33613586 0.9042 25.933995087348286
36306.0 189.39401245 62.33643723 0.8961 24.62035011121872
36308.0 189.2755127 62.33657837 0.8323 24.886496942510394
36327.0 189.19880676 62.33670807 0.9043 24.478090668345907
36421.0 189.23999023 62.3379097 0.8415 24.720332132988826
36432.0 189.41815186 62.33770752 0.8194 26.29973101105888
36451.0 189.20654297 62.33802414 0.812 25.564821264359246
36553.0 189.34623718 62.33937454 0.8313 25.535447978708454
36557.0 189.42764282 62.33977127 0.8084 23.622351386612713
36572.0 189.36190796 62.33985901 0.8165 24.00462894997842
36606.0 189.18099976 62.34004974 0.8162 24.304373894251583
36648.0 189.25270081 62.340271 0.7964 26.245640675930012
36665.0 189.39530945 62.34055328 0.8127 24.827310475584007
36688.0 189.18685913 62.34076691 0.8007 25.113477269389527
36689.0 189.29371643 62.34078979 0.8491 25.138127276741194
36690.0 189.20979309 62.34233093 0.8211 22.652525525991482
36707.0 189.22538757 62.34108734 0.9004 25.17433437456913
36728.0 189.19725037 62.34141922 0.8072 24.0561424795565
36731.0 189.20278931 62.34135818 0.7935 24.068180147786013
36740.0 189.40119934 62.34136963 0.8278 26.103468541886595
36754.0 189.38983154 62.34158707 0.7801 25.37379795873857
36761.0 189.3092041 62.34189606 0.8466 24.990164484565728
36775.0 189.21374512 62.34225464 0.8243 24.080911450523722
36845.0 189.20474243 62.34282303 0.9189 25.22045531588918
36868.0 189.30169678 62.34320068 0.8077 26.14327869566217
36894.0 189.21772766 62.34365082 0.9005 25.8389357137229
36951.0 189.20562744 62.34440231 0.7881 25.50953586727957
36963.0 189.36936951 62.34446716 0.8068 26.05793772426254
37013.0 189.23919678 62.34529877 0.8103 25.445528600059465
37030.0 189.37515259 62.34532547 0.9155 24.853840035994374
37093.0 189.22987366 62.34658051 0.8362 24.48003938308461
37124.0 189.2265625 62.34686279 0.9113 25.621840742008164
37167.0 189.32356262 62.34762955 0.793 24.013783242093538
37194.0 189.3104248 62.34783173 0.9074 26.67021762806588
37195.0 189.30056763 62.34798813 0.8053 25.470057639157616
37196.0 189.28652954 62.34789276 0.801 26.642463757123082
37236.0 189.25474548 62.34891891 0.8726 24.784901671829903
37237.0 189.28878784 62.3487587 0.9002 24.86567171028098
37238.0 189.29899597 62.34874344 0.8547 24.89434898327637
37312.0 189.3105011 62.35029221 0.8761 25.32191439848007
37333.0 189.24797058 62.350914 0.7853 24.20296412809835
37358.0 189.35572815 62.35131073 0.9089 24.79663173048967
37359.0 189.23103333 62.3515625 0.8063 24.462625598461383
37374.0 189.27670288 62.35157776 0.8963 25.6836913540344
37404.0 189.30064392 62.35203552 0.8084 27.92685316862677
37449.0 189.34701538 62.35303116 0.8192 25.702106993042886
37484.0 189.32949829 62.35429764 0.8861 23.933477888334586
37491.0 189.3066864 62.35374069 0.902 25.45258877537591
37536.0 189.28985596 62.35478592 0.8907 25.373460982880882
37542.0 189.34103394 62.35533142 0.7778 23.20694749923233
37597.0 189.30401611 62.3565712 0.9166 25.508095979155282
37618.0 189.25982666 62.35705948 0.824 25.916909759042476
37631.0 189.33282471 62.35743713 0.8639 24.99783069617193
37695.0 189.28100586 62.35968781 0.8607 26.092811252676597
37703.0 189.28466797 62.35993576 0.8677 26.12844304742533
37733.0 189.26985168 62.36105347 0.7905 25.11090086744187
37820.0 189.34008789 62.36421585 0.8342 24.35989025324492
37927.0 189.35237122 62.36817551 0.8087 23.86708651868536
38053.0 189.36013794 62.37398911 0.9257 23.20221064030889
38115.0 189.33522034 62.37569809 0.8164 25.27914401494315
38135.0 189.34359741 62.3765831 0.8538 25.458303276570966
38212.0 189.33311462 62.38115692 0.8389 23.875725611071577
