id_candels id_charlotte ra_candels dec_candels
32510 z6_GNW_30051 189.45517858 62.26062072
28732 z5_GNW_10084 189.05730265 62.16694991
8400 z5_GNW_15423 188.9793094 62.20133172
16735 z6_GND_16819 189.32822851 62.25631626
17763 z5_GND_14430 189.34225365 62.26284548
10922 z5_GND_30190 189.24895977 62.21837143
24358 z5_GND_42418 189.16654745 62.30558786
17224 z5_GND_15562 189.10639407 62.25971821
21331 z5_GND_44499 189.10594705 62.28685189
33170 z6_GNW_27915 189.47420593 62.2756826
33662 z6_GNW_25538 189.48193975 62.28814291
21131 z6_GNW_25971 189.33482521 62.28530711
23063 z6_GNW_23437 189.38798707 62.30115968
27481 z5_GNW_22336 189.33969517 62.30903655
25270 z6_GNW_22717 189.41619159 62.33315361
34697 z6_GNW_23350 189.41507038 62.33351928
34841 z6_GNW_20152 189.30761042 62.32344254
35192 z6_GNW_32543 189.31891405 62.35654962
1084 z6_GNW_4311 189.17860954 62.13281686
1880 z6_GNW_6440 189.16392137 62.14596069
28483 z6_GNW_8472 189.17238164 62.15709182
24003 z6_GNW_22555 189.30177919 62.30780664
200 z6_GNW_1169 189.13432486 62.10865733
27749 z6_GNW_2045 189.15667412 62.11543567
27856 z6_GNW_2993 189.12797745 62.12322692
28216 z6_GNW_6554 189.13720039999998 62.14630565
28314 z6_GNW_7317 189.06922803 62.15018418
29153 z5_GNW_12024 189.14324485 62.17987183
28807 z6_GNW_10421 189.08996679 62.16967304
4474 z6_GNW_10970 189.07576958 62.17273396
4668 z5_GNW_11324 189.06838338 62.17493312
29724 z6_GNW_14511 189.1005376 62.19534394
9375 z6_GNW_16141 189.01922478 62.20771096
4336 z6_GNW_10822 188.9953057 62.17146035
7529 z6_GNW_14478 189.0021376 62.19547749
8154 z6_GNW_15180 188.96205662 62.19957884
10099 z6_GNW_16618 188.99587805 62.21258131
9256 z6_GNW_16070 188.9540229 62.206898200000005
9282 z6_GNW_16088 188.95325463 62.20707001
4131 z6_GND_2469 189.31723336 62.16976735
29409 z7_GND_39528 189.30652433 62.18744036
8388 z6_GND_35647 189.33022416 62.20098749
11224 z6_GND_29564 189.37914616 62.22001221
11875 z6_GND_28043 189.41842385 62.22478827
12860 z6_GND_25736 189.33614463 62.23128544
12962 z6_GND_25400 189.34192304 62.23206084
13903 z6_GND_23382 189.38611572 62.23784028
14922 z6_GND_20879 189.36923658 62.24481086
15654 z6_GND_19165 189.34773322 62.24986594
32623 z6_GND_14309 189.33404671 62.26305778
21753 z6_GNW_25620 189.3214621 62.29009998
3887 z6_GND_2164 189.25708044 62.1673669
5085 z6_GND_3883 189.30323741 62.17851304
4979 z6_GND_3649 189.20674033 62.17750138
7532 z6_GND_37114 189.27598194 62.19580827
29867 z6_GND_36192 189.29324956 62.19868629
8092 z6_GND_36100 189.19127434 62.19951881
30099 z6_GND_34516 189.29243224 62.20507331
9942 z5_GND_32273 189.22633838 62.21191792
13076 z6_GND_25195 189.26053535 62.23277753
12356 z6_GND_27453 189.23743088 62.22812426
11699 z6_GND_28438 189.17802256 62.22371785
15458 z6_GND_19665 189.24870624 62.24844051
31659 z6_GND_22283 189.21139447 62.24106342
16068 z6_GND_18287 189.23102481 62.25233442
16901 z6_GND_16399 189.23482579 62.25749845
19178 z6_GND_11494 189.28866374 62.27180141
21409 z6_GND_8220 189.28453766 62.28749139
20791 z6_GND_8934 189.25418859 62.28297613
19700 z5_GND_10574 189.17560915 62.27526508
33220 z6_GND_10131 189.16964436 62.27706767
23009 z6_GND_43125 189.18913737 62.30065863
27270 z6_GND_41463 189.17592905 62.31152587
29032 z6_GNW_11480 189.15751528 62.17607656
4851 z6_GNW_11543 189.15744108 62.17650152
7818 z6_GND_36607 189.15558495 62.19764713
7858 z6_GND_36553 189.15639949 62.19771589
9866 z6_GND_32408 189.13928428 62.21132255
10412 z6_GND_31259 189.12819739 62.21488413
10493 z6_GND_31100 189.11163818 62.21537368
11805 z6_GND_28182 189.11483796 62.22443214
15237 z6_GND_20167 189.13462217 62.24705269
14212 z6_GND_22665 189.11945628 62.23994079999999
14123 z6_GND_22789 189.05777924 62.23926702
22061 z5_GND_7766 189.13929976 62.29186978
33731 z6_GND_44248 189.10564701 62.28967745
19758 z7_GNW_28182 189.50803799 62.27513127
33902 z7_GNW_24671 189.36166592 62.29438818
22416 z7_GNW_24443 189.35688782 62.29532099
34208 z7_GNW_23360 189.35902982 62.30277731
34354 z7_GNW_22375 189.34259649 62.30851837
857 z6_GNW_3671 189.20351944 62.12798364
35240 z6_GNW_18532 189.29298364 62.36649142
4735 z7_GNW_11595 188.9663086 62.17536607
8411 z6_GND_35540 189.33724146 62.20158968
30736 z6_GND_29625 189.40362969999998 62.21986353
31619 z7_GND_22525 189.37281031 62.24036638
8420 z7_GND_35507 189.30445436 62.20169062
8749 z7_GND_34860 189.22888012 62.20401131
8869 z7_GND_34730 189.225919 62.20432711
12181 z6_GND_27273 189.19756225 62.22699024
31711 z6_GND_22278 189.24083659 62.24263811
15780 z7_GND_19479 189.23941048 62.24754488
17900 z5_GND_13996 189.16216786 62.26380686
19294 z6_GND_11304 189.28265249 62.27250387
19037 z7_GND_11401 189.18657944 62.27090051
19920 z6_GND_10245 189.27745224 62.27646411
20713 z6_GND_44831 189.17513458 62.28226654
22434 z7_GND_43678 189.23520109999998 62.29559743
23265 z7_GND_42808 189.18839377 62.30304757
22961 z6_GND_7095 189.16502044 62.30018637
34404 z7_GND_41647 189.17814002 62.31063169
27297 z7_GND_41244 189.1778656 62.31171325
26330 z7_GND_5323 189.17806861 62.32431575
17213 z7_GND_15642 189.15199551 62.25964497
16732 z7_GND_16759 189.07983283 62.25646233
19736 z7_GND_10568 189.13929916 62.27515734
21273 z7_GND_8358 189.15531040000002 62.28646082
33892 z6_GND_43953 189.11707452 62.29422623
23543 z6_GND_42333 189.13995012 62.30837345
34208 z7_GNW_23360 189.35902982 62.30277731
10672 z7_GNW_17001 189.03249212 62.21641282
20283 z5_GNW_27194 189.52381576 62.27883787
19571 z5_GNW_28218 189.50324399 62.27388248
21698 z5_GNW_25408 189.4574124 62.28955206
7766 z5_GND_36668 189.37541829 62.19723208
31661 z5_GNW_32760 189.45126516 62.24103703
17269 z5_GNW_30244 189.41841366 62.25984241
17269 z5_GNW_30237 189.41841366 62.25984241
32733 z5_GNW_29609 189.43641187 62.26503835
19145 z5_GNW_28602 189.37587122 62.271438100000005
33565 z5_GNW_26081 189.38104208 62.28563666
21811 z5_GNW_25250 189.43258443 62.29057483
22140 z5_GNW_24858 189.41447466 62.29318435
22915 z5_GNW_23799 189.32456271 62.29973367
23358 z5_GNW_23086 189.45109412 62.30370813
26653 z5_GNW_20906 189.43768105 62.31814972
34343 z5_GNW_22490 189.39484673 62.30805913
34555 z5_GNW_21283 189.40355941 62.31568844
27252 z5_GNW_22097 189.36461163 62.310838600000004
27481 z5_GNW_22312 189.33969517 62.30903655
27195 z5_GNW_21750 189.31709402 62.31304772
34697 z5_GNW_23042 189.41507038 62.33351928
34640 z5_GNW_23548 189.41577902 62.33405082
26513 z6_GNW_20715 189.33987732 62.31998635
25668 z5_GNW_21219 189.31013526 62.33025771
25346 z5_GNW_28199 189.38312175 62.33893584
34646 z5_GNW_28803 189.31180249 62.33743584
35245 z5_GNW_18766 189.34520911 62.36217673
27844 z5_GNW_2919 189.20349378 62.12239451
787 z5_GNW_3424 189.20853309 62.126212800000005
27884 z5_GNW_3433 189.20548864 62.12629483
2181 z5_GNW_7098 189.21415998 62.14904834
28039 z5_GNW_5021 189.18172180000002 62.13776124
28557 z6_GNW_8973 189.16779165 62.16020319
3223 z5_GNW_9029 189.1699235 62.16048411
8621 z5_GND_35084 189.27860432 62.20321982
23759 z5_GNW_22583 189.29885932 62.30756147
24385 z5_GNW_19038 189.29095622 62.35314412
24625 z5_GNW_32117 189.25725324 62.35358261
286 z5_GNW_1503 189.13930339 62.11122977
27707 z5_GNW_1663 189.1475485 62.11251066
27800 z5_GNW_2438 189.10653295 62.11848305
27968 z5_GNW_4337 189.07398464 62.13291048
28331 z5_GNW_7248 189.08887622 62.15074036
28215 z5_GNW_6540 189.02302423 62.14607007
28472 z5_GNW_8402 189.13205745 62.15661628
28586 z5_GNW_9175 189.05415829 62.16129434
3581 z5_GNW_9696 189.03180633 62.16421443
4221 z5_GNW_10657 189.13013145 62.17056902
3995 z5_GNW_10304 189.11217339 62.16839513
4469 z5_GNW_11014 189.07307319999998 62.17288346
4541 z5_GNW_11120 189.05066693 62.17357404
28966 z5_GNW_11226 189.04804054 62.17422814
29073 z5_GNW_11701 189.05540919 62.17749836
29441 z5_GNW_13381 189.1038281 62.18805196
6480 z5_GNW_13431 189.10589856 62.18883214
5646 z5_GNW_12482 189.07925589 62.18287272
6361 z5_GNW_13254 189.03970288 62.18773202
15080 z5_GND_20529 189.12576412 62.24591309
33129 z5_GND_45250 189.06427419 62.27430728
28886 z6_GNW_10897 188.97607654 62.17189836
28925 z5_GNW_11071 188.97242449 62.173125
6553 z5_GNW_13514 188.96731087 62.18911964
29732 z6_GNW_14534 188.98596354 62.195345999999994
30374 z5_GNW_16472 188.95171785 62.21113863
29728 z5_GND_37205 189.35575628 62.19546565
30659 z5_GND_30288 189.42546091 62.21798015
30651 z6_GND_30340 189.38890585 62.21783963
9884 z5_GND_32413 189.35785413 62.21144533
9834 z5_GND_32576 189.30576444 62.21089903
11526 z5_GND_28819 189.36534650000002 62.22234897
11707 z5_GND_28426 189.32225916 62.22369468
30866 z5_GND_28421 189.32157093 62.22376514
12927 z5_GND_25573 189.32824797 62.23187299
13240 z5_GND_24948 189.32031105 62.23344178
11458 z5_GND_28981 189.31077066 62.22193445
15845 z5_GND_18617 189.35344085 62.25077009
14912 z5_GND_20890 189.34076676 62.24483758
13679 z5_GND_23860 189.31438453 62.23646055
16899 z5_GND_16389 189.36029317 62.25755626
17488 z5_GND_15025 189.32446191 62.26132222
18292 z6_GND_13524 189.33743988 62.26607266
17174 z5_GND_15899 189.30936662 62.25920514
17897 z5_GND_14131 189.31540246 62.26382649
18504 z5_GND_14554 189.33228929 62.26747575
19411 z5_GND_11088 189.31511965 62.273218299999996
2700 z5_GND_908 189.24554154 62.15489136
3860 z5_GND_2126 189.24770267 62.16710351
3102 z5_GND_1303 189.23841189 62.15938369
3206 z5_GND_1415 189.2348398 62.16054555
3512 z5_GNW_9541 189.16581629 62.16363979999999
4594 z5_GND_3052 189.28896022 62.1739125
4951 z5_GND_3651 189.30360594 62.17736201
4386 z5_GND_2774 189.24513521 62.17204881
5192 z5_GND_4070 189.2553026 62.17935969
5486 z5_GND_40815 189.19471779 62.18167561
6044 z5_GND_39799 189.29985325 62.18582812
6971 z5_GND_38172 189.30330879 62.19222378
6203 z5_GND_39516 189.25093545 62.18704959
6315 z5_GND_39309 189.23861751 62.18764602
6993 z5_GND_38076 189.25985863 62.19248785
7400 z5_GND_37378 189.26171192 62.19490574
6145 z5_GND_39635 189.21576553 62.18646913
5877 z5_GND_40117 189.17752025 62.18455116
6199 z5_GND_39570 189.17571988 62.18671464
6197 z5_GND_39523 189.1866319 62.18700087
29398 z5_GND_39445 189.17864269 62.18723406
30007 z5_GND_35187 189.29219796 62.2024451
8667 z5_GND_35096 189.28349852 62.20304881
8621 z5_GND_35084 189.27860432 62.20321982
9017 z5_GND_34379 189.24922614 62.20523894
9411 z5_GND_33500 189.26136884 62.20801493
9576 z5_GND_33094 189.26644787 62.20916447
10191 z5_GND_31569 189.2077941 62.21325138
10668 z5_GND_30740 189.22122683 62.21654023
8911 z5_GND_34594 189.20299286 62.20464728
12422 z5_GND_26806 189.27359903 62.22841976
11955 z5_GND_27870 189.26380727 62.22540676
11485 z5_GND_28944 189.22596748 62.22211871
13957 z5_GND_23238 189.27218979 62.23837434
14095 z5_GND_22869 189.27370817 62.23921802
15907 z5_GND_18697 189.30264580000002 62.25115641
17065 z5_GND_16018 189.29132646 62.25862528
17218 z5_GND_15601 189.29609452 62.25969805
17357 z5_GND_15356 189.2822208 62.26040075
17177 z5_GND_15712 189.20060992 62.25944159
18615 z5_GND_12659 189.26059982 62.26827904
19024 z5_GND_11789 189.24346105 62.27082274
18605 z5_GND_12705 189.21808921 62.26808981
19201 z5_GND_11521 189.21727843 62.27160474
18874 z5_GND_12062 189.18884634 62.26991119
20039 z5_GND_10047 189.29627745 62.27738622
20501 z5_GND_9333 189.27757193 62.28066988
33566 z5_GND_44604 189.26339753 62.28572412
20709 z5_GND_44836 189.18074968 62.28223942
21001 z5_GND_8641 189.19692239 62.28450403
19604 z5_GND_10768 189.17252055 62.27456721
20038 z5_GND_10054 189.16984455 62.27729526
21468 z5_GND_44411 189.15982618 62.28795479
22827 z5_GND_7157 189.20492212 62.29896139
26620 z5_GND_6005 189.21553852 62.31887935
23672 z5_GND_42189 189.16549762 62.30687322
25593 z5_GND_4732 189.17922036 62.32983613
9665 z5_GND_32925 189.15634328 62.21000415
30380 z5_GND_32295 189.11802417 62.21137142
11201 z5_GND_29527 189.10066265 62.22022315
30751 z5_GND_29491 189.10443479 62.22034408
11508 z5_GND_28795 189.14956809 62.22200958
11959 z5_GND_27871 189.13541936 62.22536329999999
12143 z5_GND_27366 189.13263067 62.22672806
31107 z5_GND_26652 189.12763018 62.22893284
12521 z5_GND_26558 189.12591066 62.22915908
12941 z5_GND_25578 189.14940990000002 62.23186779
31273 z5_GND_25053 189.15147586 62.23324395
30840 z5_GND_28693 189.1063576 62.22281328
11967 z5_GND_27819 189.11033662 62.22544088
12311 z5_GND_27023 189.11342187 62.22766346
13773 z5_GND_23616 189.12613382 62.23717756
13848 z5_GND_23450 189.13921141 62.23773658
15080 z5_GND_20529 189.12576412 62.24591309
13634 z5_GND_23926 189.11908681 62.23624969
13985 z5_GND_23098 189.11962951 62.238542599999995
14001 z5_GND_23097 189.12005133 62.2386546
14152 z5_GND_22822 189.09484714 62.23940763
14504 z5_GND_21873 189.12416102 62.24221357
31775 z5_GND_21641 189.11760988 62.24431349
14831 z5_GND_21153 189.0496284 62.24403342
17949 z5_GND_13973 189.14568809 62.264247999999995
32759 z5_GND_13494 189.14782043 62.26567925
16585 z5_GND_17105 189.11863897 62.25554761
17625 z5_GND_14761 189.10005714 62.26204749
16729 z5_GND_16723 189.06017340000002 62.25650574
19989 z5_GND_10084 189.14071177 62.2772324
19496 z5_GND_45273 189.07792003 62.27383689999999
23505 z5_GND_42576 189.14218702 62.30436488
21759 z5_GNW_25352 189.40733005 62.29008955
27059 z6_GNW_21823 189.35499582 62.31259349
28114 z5_GNW_5622 189.08082284 62.14108623
3621 z6_GNW_9770 189.11779001 62.16463558
16312 z5_GND_17752 189.09179789 62.25373546
5188 z5_GNW_11950 188.96729738 62.17890961
11247 z5_GNW_17295 188.9858017 62.2203649
29260 z6_GND_40374 189.31742287 62.183235499999995
29762 z5_GND_37006 189.36600701 62.19618922
15407 z6_GND_19744 189.33347926 62.24817825
17254 z5_GND_15486 189.31386747 62.25985996
2120 z5_GND_464 189.27072065 62.14842438
11912 z5_GND_28158 189.18922355 62.22386731
15496 z5_GND_19515 189.22476067 62.24885024
33787 z6_GND_44138 189.25621185 62.29127237
22526 z5_GND_7334 189.17300318 62.29644897
11491 z5_GND_28891 189.11693713 62.22207218
14135 z5_GND_22796 189.08863675 62.23948651
16312 z5_GND_17752 189.09179789 62.25373546
19460 z5_GND_11013 189.15742835 62.27361197
21559 z8_GNW_25541 189.51234587 62.28805675
34199 z7_GNW_23317 189.43965307 62.30238844
26562 z8_GNW_20826 189.40117262 62.31922724
25082 z8_GNW_27475 189.37282549 62.33596106
34733 z7_GNW_19517 189.32670999 62.33482366
25303 z7_GNW_18773 189.30915651 62.36213889
27189 z7_GNW_21903 189.2921934 62.310615500000004
26218 z7_GNW_19939 189.27336816 62.32477274
34801 z8_GNW_19912 189.25271094 62.32840115
35260 z7_GNW_32502 189.28581809 62.35497547
35283 z7_GNW_32653 189.27872624 62.35745652
28308 z7_GNW_7284 189.03603957 62.14992457
33366 z7_GND_9252 189.06968044 62.28101438
5911 z7_GND_40057 189.33945799 62.18477132
6929 z7_GND_38200 189.35915231 62.19212751
16060 z7_GND_18323 189.37139177 62.25214032
14372 z8_GND_22233 189.24982686 62.24122787
15439 z5_GND_20169 189.2037689 62.24751058
15796 z7_GND_18869 189.20531439 62.25075666
17331 z7_GND_15396 189.27592036 62.26029554
18233 z7_GND_13456 189.26494316 62.26579131
19057 z7_GND_11402 189.18617832 62.27086289
19811 z7_GND_10402 189.17928734 62.27588977
21652 z7_GND_8012 189.26042333 62.28940148
21856 z7_GND_7831 189.17729828 62.29104481
21921 z7_GND_44109 189.17715769 62.29151226
26663 z7_GND_6161 189.21506537 62.31793931
27431 z7_GND_41546 189.15969557 62.31056545
31538 z8_GND_23069 189.10946483 62.238797600000005
16136 z7_GND_18181 189.08267517 62.25247452
19592 z7_GND_10780 189.13808865 62.27444156
19746 z7_GND_45190 189.13850969 62.27560183
24032 z7_GND_42108 189.13445191 62.30787068
25082 z8_GNW_27475 189.37282549 62.33596106
35443 z8_GNW_30497 189.35238358 62.34767731
28075 z8_GNW_5376 189.19107893 62.13968325
35174 z8_GNW_21001 189.28700167 62.31801773
6619 z8_GNW_13554 189.0370737 62.18971925
8553 z7_GNW_15559 189.08348808 62.20259465
29146 z8_GND_41247 189.27953686 62.17974875
30002 z8_GND_35384 189.23198934 62.20233294
14541 z8_GND_21784 189.20312353 62.24247965
18233 z7_GND_13456 189.26494316 62.26579131
21599 z8_GND_8052 189.27000984 62.2885673
21652 z7_GND_8012 189.26042333 62.28940148
14884 z7_GND_20984 189.13371548 62.24458125
14161 Hu10_z6_5 189.39971271 62.23949004
29762 Hu10_z6_11 189.36600701 62.19618922
13240 Hu10_z6_12 189.32031105 62.23344178
17763 Hu10_z6_9 189.34225365 62.26284548
28175 Hu10_z6_7 189.03277989 62.1439617
22915 Hu10_z6_6 189.32456271 62.29973367
24567 Hu10_z6_4 189.25398499 62.35395157
24567 Stark11_35_22248 189.25398499 62.35395157
27928 Hu10_z6_3 189.05670117 62.12991431
15350 Stark11_43_3982 189.0399444 62.24772144
26377 Jung18_z6_GND_5752 189.19908156 62.32098098
7858 Stark11_42_13066 189.15639949 62.19771589
31221 Stark11_33_17705 189.20820677 62.23212803
29911 Stark11_32_16773 189.19779551 62.19998291
21409 Stark11_34_24923 189.28453766 62.28749139
16068 Stark11_33_19990 189.23102481 62.25233442
11699 Jung18_z6_GND_28438 189.17802256 62.22371785
9341 Hu10_z7_1 189.35825962 62.20763746
35272 Stark11_35_22381 189.2553892 62.35775378
21753 Stark11_24_28120 189.3214621 62.29009998
34841 Stark11_24_26902 189.30761042 62.32344254
27749 Stark11_41_13100 189.15667412 62.11543567
28132 Stark11_42_6706 189.07822567 62.1419401
19811 Jung18_z7_GND_10402 189.17928734 62.27588977
22416 Hu10_z7_2 189.35688782 62.29532099
