ID logM dlogM+ dlogM- logSFR dlogSFR+ dlogSFR- B-V MFUV dMFUV+ dMFUV- Name
CG_12          9.30 0.24 0.29 1.12 0.20 0.11 0.05  21.31 0.02 0.02 CANDELS_GOODSS_12        
CG_14         10.49 0.04 0.04 1.50 0.07 0.07 0.05  22.11 0.03 0.03 CANDELS_GOODSS_14        
CG_21          9.76 0.19 0.23 1.37 0.26 0.24 0.20  20.39 0.18 0.13 CANDELS_GOODSS_21        
CG_38          9.63 0.18 0.20 1.54 0.24 0.22 0.20  21.33 0.12 0.09 CANDELS_GOODSS_38        
CG_42          9.38 0.26 0.32 1.05 0.26 0.21 0.00  20.60 0.23 0.15 CANDELS_GOODSS_42        
CG_47          9.09 0.18 0.17 1.19 0.20 0.16 0.10  20.80 0.13 0.09 CANDELS_GOODSS_47        
DC_274035      9.42 0.13 0.13 1.20 0.19 0.09 0.05  21.74 0.18 0.13 DEIMOS_COSMOS_274035    
DC_308643      9.77 0.11 0.19 1.83 0.12 0.22 0.10  22.43 0.08 0.06 DEIMOS_COSMOS_308643    
DC_351640      9.67 0.13 0.15 1.20 0.20 0.12 0.00  21.75 0.62 0.55 DEIMOS_COSMOS_351640    
DC_372292      9.44 0.16 0.12 1.45 0.24 0.25 0.10  22.01 0.30 0.40 DEIMOS_COSMOS_372292    
DC_400160      9.65 0.17 0.15 1.67 0.24 0.23 0.10  22.36 0.09 0.07 DEIMOS_COSMOS_400160    
DC_403030      9.68 0.15 0.18 1.56 0.26 0.28 0.15  21.74 0.17 0.12 DEIMOS_COSMOS_403030    
DC_416105      9.45 0.13 0.14 1.08 0.12 0.11 0.00  21.78 0.61 0.32 DEIMOS_COSMOS_416105    
DC_417567      9.81 0.18 0.11 1.87 0.24 0.23 0.10  22.92 0.11 0.08 DEIMOS_COSMOS_417567    
DC_422677      9.85 0.14 0.16 1.90 0.21 0.19 0.20  21.63 0.15 0.11 DEIMOS_COSMOS_422677    
DC_430951      9.45 0.14 0.15 1.08 0.16 0.11 0.00  21.70 0.83 0.43 DEIMOS_COSMOS_430951    
DC_432340     10.10 0.17 0.15 1.79 0.26 0.26 0.15  22.09 0.16 0.11 DEIMOS_COSMOS_432340    
DC_434239     10.32 0.13 0.12 2.00 0.27 0.28 0.25  21.91 0.15 0.11 DEIMOS_COSMOS_434239    
DC_488399     10.20 0.13 0.15 1.67 0.26 0.27 0.05  22.06 0.40 0.30 DEIMOS_COSMOS_488399    
DC_493583      9.61 0.15 0.11 1.36 0.27 0.22 0.10  21.76 0.15 0.11 DEIMOS_COSMOS_493583    
DC_494057     10.15 0.13 0.15 1.62 0.26 0.20 0.00  22.37 0.33 0.24 DEIMOS_COSMOS_494057    
DC_494763      9.53 0.15 0.16 1.30 0.30 0.30 0.15  21.43 0.33 0.47 DEIMOS_COSMOS_494763    
DC_510660      9.47 0.15 0.18 1.11 0.24 0.11 0.10  21.55 0.22 0.14 DEIMOS_COSMOS_510660    
DC_519281      9.87 0.13 0.16 1.40 0.27 0.21 0.00  21.74 0.30 0.19 DEIMOS_COSMOS_519281    
DC_536534     10.36 0.11 0.12 1.71 0.19 0.27 0.05  22.32 0.32 0.23 DEIMOS_COSMOS_536534    
DC_539609      9.38 0.12 0.12 1.48 0.10 0.08 0.00  22.36 0.34 0.27 DEIMOS_COSMOS_539609    
DC_627939      9.98 0.14 0.14 1.71 0.21 0.26 0.10  21.60 0.18 0.11 DEIMOS_COSMOS_627939    
DC_628063      9.86 0.14 0.15 1.39 0.33 0.27 0.20  21.16 0.29 0.18 DEIMOS_COSMOS_628063    
DC_630594      9.77 0.14 0.15 1.50 0.25 0.29 0.20  21.35 0.27 0.17 DEIMOS_COSMOS_630594    
DC_665509      9.75 0.14 0.15 1.37 0.23 0.15 0.05  21.95 0.16 0.11 DEIMOS_COSMOS_665509    
DC_665626      9.21 0.16 0.18 0.71 0.29 0.18 0.00  20.73 0.33 0.21 DEIMOS_COSMOS_665626    
DC_680104      9.23 0.12 0.18 1.17 0.18 0.11 0.05  21.72 0.17 0.12 DEIMOS_COSMOS_680104    
DC_709575      9.68 0.16 0.14 1.42 0.27 0.28 0.15  21.29 0.20 0.16 DEIMOS_COSMOS_709575    
DC_733857      9.54 0.17 0.11 1.59 0.22 0.21 0.10  22.01 0.13 0.10 DEIMOS_COSMOS_733857    
DC_742174      9.56 0.13 0.15 1.11 0.23 0.13 0.00  21.37 0.35 0.26 DEIMOS_COSMOS_742174    
DC_773957     10.00 0.12 0.15 1.43 0.26 0.24 0.00  21.79 0.27 0.28 DEIMOS_COSMOS_773957    
DC_803480      9.22 0.12 0.14 1.08 0.10 0.08 0.00  21.35 0.25 0.17 DEIMOS_COSMOS_803480    
DC_814483      9.91 0.15 0.15 1.60 0.25 0.23 0.10  22.24 0.12 0.08 DEIMOS_COSMOS_814483    
DC_848185     10.37 0.08 0.19 2.46 0.11 0.21 0.20  22.54 0.37 0.28 DEIMOS_COSMOS_848185    
DC_859732      9.77 0.14 0.15 1.21 0.28 0.26 0.05  21.10 0.37 0.25 DEIMOS_COSMOS_859732    
DC_873321      9.97 0.13 0.16 1.96 0.22 0.17 0.15 -22.42 0.38 0.23 DEIMOS_COSMOS_873321    
DC_873756     10.25 0.08 0.10 0.73 0.47 0.22 0.00  20.87 0.32 0.20 DEIMOS_COSMOS_873756    
DC_880016      9.75 0.15 0.15 1.50 0.25 0.29 0.20  21.12 0.27 0.16 DEIMOS_COSMOS_880016    
DC_881725      9.96 0.16 0.11 1.94 0.23 0.29 0.25  21.55 0.22 0.16 DEIMOS_COSMOS_881725    
vc_5100537582  9.76 0.13 0.15 1.17 0.29 0.23 0.00  21.20 0.27 0.17 vuds_cosmos_5100537582
vc_5100541407 10.12 0.14 0.15 1.54 0.26 0.23 0.10  21.15 0.34 0.24 vuds_cosmos_5100541407
vc_5100822662 10.17 0.13 0.14 1.82 0.23 0.24 0.15  21.89 0.18 0.13 vuds_cosmos_5100822662
vc_5100994794  9.73 0.15 0.13 1.45 0.26 0.30 0.15  21.34 0.30 0.21 vuds_cosmos_5100994794
vc_5101210235  9.78 0.12 0.15 1.41 0.16 0.09 0.00  22.26 0.09 0.07 vuds_cosmos_5101210235
vc_5101244930  9.67 0.16 0.13 1.42 0.25 0.23 0.10  21.90 0.16 0.11 vuds_cosmos_5101244930
vc_510605533   9.47 0.14 0.17 1.13 0.16 0.10 0.00  21.48 0.23 0.19 vuds_cosmos_510605533 
vc_510786441   9.99 0.16 0.17 1.60 0.29 0.14 0.05 -22.54 0.06 0.05 vuds_cosmos_510786441 
vc_5180966608 10.82 0.12 0.13 2.15 0.27 0.25 0.20  21.74 0.17 0.11 vuds_cosmos_5180966608
