ID RA DEC Muv zlya EW voff fescB fescA
MUSE-102049176  53.074469  -27.820237  -18.05  5.1024  395  179  0.760  0.580
MUSE-107041159  53.087996  -27.813147  -19.25  5.3161  333  73  0.847  0.647
MUSE-116039142  53.131702  -27.847032  -19.52  5.3253  151  85  0.829  0.633
MUSE-117039091  53.156207  -27.836079  -18.68  5.7675  248  115  0.678  0.518
MUSE-118034094  53.175266  -27.841127  -19.63  5.2964  199  86  0.783  0.598
MUSE-119036075  53.188854  -27.833476  -18.39  5.3345  154  251  0.413  0.315
MUSE-119039078  53.177428  -27.830966  -18.21  5.6132  237  77  0.494  0.377
MUSE-119040079  53.191824  -27.824896  -19.88  5.7880  100  261  0.383  0.292
MUSE-122002035  53.119796  -27.831269  -17.96  5.3180  302  163  1.470  1.122
MUSE-123027133  53.144620  -27.831002  -18.34  5.8024  298  79  0.766  0.584
MUSE-124033068  53.165978  -27.823859  -18.73  5.0475  240  119  0.778  0.594
MUSE-125051124  53.188380  -27.819461  -20.11  5.5815  93  310  0.309  0.236
MUSE-125052125  53.173472  -27.825016  -17.94  5.6134  232  140  0.598  0.457
MUSE-128044246  53.121016  -27.815916  -18.33  4.9347  326  60  1.086  0.828
MUSE-128045247  53.119796  -27.821988  -19.32  4.9666  166  193  1.387  1.059
MUSE-130033059  53.102725  -27.792042  -19.02  5.1138  113  326  0.253  0.193
MUSE-131016106  53.104145  -27.783718  -19.28  6.0641  197  273  0.998  0.762
MUSE-134036056  53.131273  -27.806806  -19.72  5.1251  162  113  0.935  0.713
MUSE-134037057  53.132663  -27.798961  -18.40  5.1302  533  201  0.599  0.457
MUSE-135049239  53.124788  -27.784118  -19.05  5.7854  223  147  0.511  0.390
MUSE-136041192  53.115275  -27.772786  -18.49  5.0806  246  234  0.293  0.224
MUSE-136044198  53.123258  -27.771197  -19.17  5.2338  270  111  0.518  0.395
MUSE-139047301  53.142900  -27.758885  -18.14  4.9374  153  177  0.486  0.371
MUSE-140047114  53.134580  -27.756489  -20.16  5.4481  108  135  0.539  0.411
MUSE-68        53.171196  -27.778448  -19.86  4.9397  158  258  0.692  0.528
MUSE-313       53.170944  -27.782429  -17.68  5.1382  140  186  0.323  0.247
MUSE-417       53.157867  -27.779982  -18.01  5.1321  43  156  0.118  0.090
MUSE-547       53.160609  -27.771537  -18.42  5.9775  111  236  0.289  0.221
MUSE-1478      53.153168  -27.766165  -20.14  4.9304  23  263  0.096  0.073
MUSE-1670      53.166702  -27.804155  -21.30  5.8325  29  470  0.079  0.061
MUSE-2069      53.151096  -27.782923  -19.39  5.2678  31  249  0.165  0.126
MUSE-2071      53.146133  -27.777782  -18.84  4.9304  30  263  0.102  0.078
MUSE-2168      53.135960  -27.798378  -18.95  5.7811  159  186  0.263  0.201
MUSE-2296      53.168419  -27.804079  -18.64  4.9500  49  227  0.233  0.178
MUSE-2302      53.180447  -27.770603  -17.73  5.0333  89  318  0.152  0.116
MUSE-2307      53.183330  -27.795965  -17.86  4.9489  263  161  0.373  0.285
MUSE-2350      53.156380  -27.809574  -18.16  5.0488  227  119  0.595  0.454
MUSE-2449      53.164741  -27.769613  -18.71  5.2709  39  62  0.231  0.176
MUSE-2481      53.149803  -27.810652  -18.76  5.0323  23  219  0.111  0.085
MUSE-2502      53.158028  -27.817951  -19.24  5.6411  51  330  0.178  0.136
MUSE-2873      53.172489  -27.764322  -17.93  5.0508  98  188  0.258  0.197
MUSE-2964      53.149456  -27.809727  -17.85  5.0591  68  253  0.416  0.318
MUSE-3090      53.155037  -27.762585  -18.16  5.1362  28  235  0.155  0.118
MUSE-3093      53.139675  -27.796425  -17.69  5.0518  85  154  0.161  0.123
MUSE-3203      53.176548  -27.771025  -18.79  5.8921  184  91  0.610  0.465
MUSE-3238      53.175571  -27.795835  -18.12  5.6185  158  136  0.234  0.179
MUSE-4405      53.170544  -27.812431  -18.77  5.8376  55  285  0.133  0.102
MUSE-6231      53.178307  -27.800921  -18.96  6.3313  66  360  0.147  0.112
MUSE-6294      53.166091  -27.785667  -19.56  5.4715  38  130  0.088  0.067
MUSE-6462      53.164040  -27.799646  -20.23  5.4530  23  335  0.061  0.046
MUSE-7125      53.128100  -27.789826  -19.31  5.0313  12  295  0.082  0.063
MUSE-7205      53.162998  -27.760258  -17.86  4.9222  58  147  0.075  0.057
MUSE-7225      53.161663  -27.763103  -18.81  5.5589  63  215  0.192  0.147
MUSE-7319      53.186211  -27.787121  -17.93  5.1444  68  210  0.249  0.190
MUSE-7337      53.169041  -27.787611  -17.93  5.4715  47  222  0.038  0.029
MUSE-7605      53.165718  -27.784885  -18.09  5.4725  230  278  0.392  0.299
MUSE-7922      53.180718  -27.776484  -17.19  5.3851  109  216  0.303  0.231
MUSE-7934      53.146606  -27.786125  -19.77  5.5270  16  133  0.111  0.085
MUSE-7984      53.179279  -27.773256  -18.88  6.1071  42  232  0.090  0.069
MUSE-8124      53.156754  -27.809155  -19.54  5.5887  50  100  0.503  0.384
DEIMOS-43_7167    189.085312  62.212612  -19.66  4.9196  92  238  0.232  0.177
DEIMOS-42_11827   189.143036  62.166759  -18.49  4.9265  190  250  0.170  0.130
DEIMOS-23_31399   189.362015  62.249187  -19.60  5.0503  32  429  0.228  0.174
DEIMOS-25458   189.272995  62.267040  -18.43  5.2012  212  160  0.378  0.289
DEIMOS-25824   189.301392  62.268780  -20.69  5.2393  10  725  0.149  0.114
DEIMOS-11505   189.265076  62.199612  -18.77  5.2260  203  233  0.364  0.277
DEIMOS-19842   189.363861  62.239918  -19.32  5.2611  28  385  0.135  0.103
DEIMOS-43_13063   189.156342  62.210011  -19.92  5.1895  12  351  0.052  0.040
DEIMOS-33_19970   189.230789  62.263546  -19.56  5.1950  19  169  0.055  0.042
DEIMOS-42_9127    189.110382  62.202064  -19.70  5.2022  16  297  0.040  0.031
DEIMOS-33_20014   189.231232  62.259106  -20.14  5.1937  82  242  0.078  0.060
DEIMOS-33_17440   189.205124  62.260712  -21.05  5.1947  56  237  0.229  0.175
DEIMOS-vdrop_225  189.183884  62.179928  -18.70  5.2378  148  286  0.932  0.712
DEIMOS-vdrop_375  189.285294  62.251411  -19.40  5.2834  75  408  0.253  0.193
DEIMOS-33_17034   189.200592  62.259441  -20.02  5.6068  116  232  0.354  0.270
DEIMOS-42_11693   189.141540  62.190292  -19.84  5.6129  106  342  0.162  0.124
DEIMOS-vdrop_167  189.142960  62.196960  -19.13  5.6149  82  210  1.097  0.837
DEIMOS-33_17705   189.208191  62.232136  -19.63  5.8061  38  589  0.092  0.070
DEIMOS-32_16773   189.197845  62.199963  -19.11  5.9752  53  242  0.103  0.078